seq,timestamp_ms,agent_id,pair,direction,price,quantity,notional_usd,fee_usd,balance_change_usd,account_balance_usd,decision,cert_hash
0,1781784720000,rl-qlearn,BTCUSDT,sell,63970.30442979,0.03126450652106996,2000.0,1.2,-1.80014,9998.19986,ALLOW_CAPPED,eb7b2815cf8a43f720580ef9153b1aba4eabd316f360ef76344e6de17a4cb55a
1,1781784780000,rl-qlearn,BTCUSDT,buy,63990.392639424,0.0312546917983406,2000.0,1.2,-1.79986,9996.97214,ALLOW_CAPPED,aa5d9d5c40a411eb87594c6f08337e29ed455a389bf0039a3127c12508c5fae1
2,1781785020000,rl-qlearn,BTCUSDT,buy,64063.21448088,0.031219164011773253,2000.0,1.2,-1.79986,9995.171566,ALLOW_CAPPED,650ca72b6378ef9749fa7345128afda66bf0b059a1d8861c1b2a75570c326721
3,1781785080000,rl-qlearn,BTCUSDT,sell,64009.992520584,0.031245121601238282,2000.0,1.2,-1.80014,9992.909527,ALLOW_CAPPED,c4976c84816f111f16391f3d01f2bf10091efc506e224adcbf0a2e3ddf7a5b60
4,1781785140000,rl-qlearn,BTCUSDT,buy,64069.116250998006,0.031216288237296327,2000.0,1.2,-1.79986,9991.108927,ALLOW_CAPPED,4ffaefcb2333a0b9ff3da3475e6971f87d4f3817aa193c7ea7266a7ad96e6476
5,1781785200000,rl-qlearn,BTCUSDT,sell,64061.58321709023,0.031189869256259,1998.07240489,1.1988434429339998,-1.798212,9990.274193,ALLOW,30f11d7993a2bf16f2121928b48bd4cf1b87a37473434ce7ba496e7d0c9916c4
6,1781786760000,rl-qlearn,BTCUSDT,buy,64317.390715962,0.03109578883310714,2000.0,1.2,-1.79986,9988.4723,ALLOW_CAPPED,fb39fec6444133332999a1efc0e2860504b640327b7ac614af8530a18ae0b226
7,1781786820000,rl-qlearn,BTCUSDT,buy,64319.291286,0.031094869983981435,2000.0,1.2,-1.79986,9986.731504,ALLOW_CAPPED,915fd5b1bbfc113f462dacce3d9e43b347885bb819ccc202e3c4b0aaff425f89
8,1781786880000,rl-qlearn,BTCUSDT,sell,64274.413175874004,0.031116581251817925,2000.0,1.2,-1.80014,9984.539622,ALLOW_CAPPED,bc1f5b41a4d38cf9ba84d8d6c584b6354c37868d3a5b5e1ae64840f12f4be30d
9,1781786940000,rl-qlearn,BTCUSDT,sell,64306.803456522,0.03110090834093791,2000.0,1.2,-1.80014,9983.745979,ALLOW_CAPPED,bed95287c0a35d35e0cff0e7656ad8590cdb26ddb272f5917ab2c14ef6a69dd2
10,1781787000000,rl-qlearn,BTCUSDT,sell,64276.912425924,0.03111537135989384,2000.0,1.2,-1.80014,9981.946921,ALLOW_CAPPED,7162a53a92987d81b3811bf247935e2df11186d5c96bc73a2ca1b9e5bf24be23
11,1781787060000,rl-qlearn,BTCUSDT,buy,64321.491946044,0.031093806121252558,2000.0,1.2,-1.79986,9979.960151,ALLOW_CAPPED,faa1bcec26e1bcfc980a9594b46214cff225f25275ce034d8772f4c95eb797fe
12,1781787360000,rl-qlearn,BTCUSDT,buy,64364.604876906,0.031072978756335058,2000.0,1.2,-1.79986,9978.157802,ALLOW_CAPPED,aa7b932e56b222b2e2745d43f3175723d75422542ab0f762a18a16e2a5b8d1ae
13,1781787420000,rl-qlearn,BTCUSDT,buy,64384.110727296,0.031063564867287806,2000.0,1.2,-1.79986,9976.962739,ALLOW_CAPPED,1590a454792fc2bb14708928d28474da4b2f54873e310fc2694c98b7c638fbec
14,1781787480000,rl-qlearn,BTCUSDT,buy,64354.565027134995,0.015439596669965007,993.60852789,0.596165116734,-0.844203,9974.485864,ALLOW,60ccb7361f2b05d267e703bdaa5cd056835c82e6f8b6eefb87c760b3900c2aab
15,1781787540000,rl-qlearn,BTCUSDT,sell,64327.69718694,0.031090806720282315,2000.0,1.2,-1.80014,9973.344631,ALLOW_CAPPED,1c7b2ac192b256127ea483844be633d44f2be6e5ce215d59522d58df537c81e8
16,1781787600000,rl-qlearn,BTCUSDT,sell,64327.997096946005,0.031090661768714556,2000.0,1.2,-1.80014,9971.558419,ALLOW_CAPPED,74fdecf48a524d9f195691e0787901b7978421795c8114fbf8e2320f60e92305
17,1781787660000,rl-qlearn,BTCUSDT,sell,64284.17038270551,0.0153407468065468,986.16718151,0.591700308906,-0.837607,9969.998443,ALLOW,dc5e8a125ff13e3c955ffdfb7ca9f90de4bba0a8d42eb5a7c614b7f34e37a3d5
18,1781788740000,rl-qlearn,BTCUSDT,buy,64327.893866171995,0.031090711661737408,2000.0,1.2,-1.79986,9968.198551,ALLOW_CAPPED,9af0c2913832e3f5971d5703f6e2bc723e265e5cda490db962852b7c93bad2bc
19,1781788800000,rl-qlearn,BTCUSDT,sell,64336.094667108,0.031086748587220436,2000.0,1.2,-1.80014,9967.853277,ALLOW_CAPPED,395dbafc34854e67d9a7d6c23a68d245ff13f04ee6481da1f913f71655d5a0f0
20,1781788860000,rl-qlearn,BTCUSDT,sell,64320.499346796,0.03109428596343175,2000.0,1.2,-1.80014,9966.053135,ALLOW_CAPPED,b6810afcea1013c1eb86fdea45f0186f27f7a908987c6614b10341f982958841
21,1781788920000,rl-qlearn,BTCUSDT,buy,64353.101426676,0.031078533212246223,2000.0,1.2,-1.79986,9964.43984,ALLOW_CAPPED,f1d0d93b6bb439787cdcc0cdb777eb0832e90fcff5d5f500b40b787ae0501c96
22,1781788980000,rl-qlearn,BTCUSDT,buy,64342.798336470005,0.031083509758797423,2000.0,1.2,-1.79986,9962.640141,ALLOW_CAPPED,af9d5663b447800aa162c993cf96e2ebac1304cdeac5b9d66262033d2841cf5f
23,1781789040000,rl-qlearn,BTCUSDT,buy,64337.696806367996,0.031085974464072588,2000.0,1.2,-1.79986,9960.681835,ALLOW_CAPPED,98fcffcfa73396099ed00565f0427f72ef124e9dc7a8a30a014203e744f68042
24,1781789100000,rl-qlearn,BTCUSDT,sell,64373.883327864,0.031068500090537608,2000.0,1.2,-1.80014,9963.530804,ALLOW_CAPPED,d617ae84fdb4af7068210c4be98296bb98d66872664af7a4578a129dd069285a
25,1781789160000,rl-qlearn,BTCUSDT,buy,64351.200856637995,0.0310794510961126,2000.0,1.2,-1.79986,9959.825411,ALLOW_CAPPED,546ecc29aecd2b9c9ccb3dd570574493450dde8e532c392b3af6ae447e5d9d2b
26,1781789220000,rl-qlearn,BTCUSDT,sell,64302.004896426006,0.031103229257337866,2000.0,1.2,-1.80014,9957.366324,ALLOW_CAPPED,fa2e3ec6ed8b9d04ad12f955e542e76d397695148819b8f6225dd9d968636389
27,1781789280000,rl-qlearn,BTCUSDT,sell,64301.911618800266,0.031070909365560114,1997.91886794,1.1987513207640002,-1.798059,9955.565159,ALLOW,3c303ba11e2b98d0d611082cee8555029edf87fc46c0720ef1bf46293a92ba79
28,1781790180000,rl-qlearn,BTCUSDT,sell,63845.34192729001,0.03132569956752196,2000.0,1.2,-1.80014,9953.769274,ALLOW_CAPPED,a5b376bcdf3589c41aa82e26f6c06139e3ef843c2586faf9b77a0d5b9397bfad
29,1781790240000,rl-qlearn,BTCUSDT,sell,63829.446696972,0.03133350050008937,2000.0,1.2,-1.80014,9952.467361,ALLOW_CAPPED,c1f9216937fc6d30de782aec508388741566d0deb032036712a78e84cbd8d21d
30,1781790300000,rl-qlearn,BTCUSDT,buy,63910.068547817995,0.031293973632708354,2000.0,1.2,-1.79986,9948.016622,ALLOW_CAPPED,231a20199ad32168c2bf908b8bdfce36350702b3147977f0a7ae56b1d8da6c49
31,1781790360000,rl-qlearn,BTCUSDT,sell,63879.23175796801,0.031309080353029276,2000.0,1.2,-1.80014,9945.981173,ALLOW_CAPPED,3712c73180b66ceffc8dfabe10d67f69e30496eb812eabb99a4fee1be126ea81
32,1781790420000,rl-qlearn,BTCUSDT,sell,63801.22564303801,0.015285780982742287,975.25156161,0.585150936966,-0.827803,9950.249549,ALLOW,82229256f235be9093ca83ea594451ad242ea545d581ad8d9272662a921deea5
33,1781790480000,rl-qlearn,BTCUSDT,buy,63928.374038183996,0.031285012798939846,2000.0,1.2,-1.79986,9941.268707,ALLOW_CAPPED,8c1a53f7345c01446fb26688dc9c219c2970696b3daf0aecef1f921a67fa7dea
34,1781790540000,rl-qlearn,BTCUSDT,buy,64097.82486157199,0.031202306853926373,2000.0,1.2,-1.79986,9931.560511,ALLOW_CAPPED,ddc061b1265ae68a7197ade990b3b8257de7f35e4e3736b61c6000c4dc2533aa
35,1781790600000,rl-qlearn,BTCUSDT,sell,64037.484271133995,0.031231707846798327,2000.0,1.2,-1.80014,9930.099428,ALLOW_CAPPED,464e13323e52287bbcab5703cd2f978b7d2d5e39638cf466b53b6c11396a6212
36,1781790660000,rl-qlearn,BTCUSDT,buy,64092.323211462,0.03120498524294917,2000.0,1.2,-1.79986,9927.533462,ALLOW_CAPPED,4a382a237e1d574f57f288f1aeeff4cf3a4ace8197ec2a15342deabff0d81015
37,1781790720000,rl-qlearn,BTCUSDT,sell,64066.875451722,0.031217380056361772,2000.0,1.2,-1.80014,9925.531708,ALLOW_CAPPED,227c6d5ade17a4cd2d48e34992e218f55e0f7ee84f293efd066e3354ec307389
38,1781790780000,rl-qlearn,BTCUSDT,buy,64064.014720896,0.03121877404519971,2000.0,1.2,-1.79986,9925.661639,ALLOW_CAPPED,3455a6363cdc655ebf4c0cb2fcd8a7dbcb4c819941282dec352847d7f0d5cddc
39,1781790840000,rl-qlearn,BTCUSDT,sell,64055.978721504,0.031222690526600094,2000.0,1.2,-1.80014,9923.390074,ALLOW_CAPPED,69cf6e7b21a511eb9c604fa30aab520583e1b9706159048b3a8cf7e37e4d5a63
40,1781790900000,rl-qlearn,BTCUSDT,sell,64012.886174915926,0.03078258866465785,1970.48234436,1.1822894066160001,-1.770662,9923.638152,ALLOW,fbf201ca03d4b4abba4def1ba436a9683486c5c3130af23759ba298391b2c33e
41,1781790960000,rl-qlearn,BTCUSDT,buy,63974.287809101996,0.03126255982665974,2000.0,1.2,-1.79986,9927.799018,ALLOW_CAPPED,009449b1e8328da216a526ce7befe937dc03be259f7bea01e323577f4f00bd1b
42,1781791020000,rl-qlearn,BTCUSDT,buy,63944.87898851399,0.03127693775695857,2000.0,1.2,-1.79986,9927.358912,ALLOW_CAPPED,0710f5dd16b21bc9123a63ea159cb346d3baf8cbff78c585a55ec8d4d1302a47
43,1781791080000,rl-qlearn,BTCUSDT,buy,63885.92903911682,0.014969485845066782,956.33951045,0.57380370627,-0.810756,9927.380665,ALLOW,96bccbd2f222de100525db13fa2f9b7f5ef83dd99b357c5b6e4ff633cd50a6b2
44,1781792340000,rl-qlearn,BTCUSDT,buy,63937.176678359996,0.03128070559106991,2000.0,1.2,-1.79986,9925.580627,ALLOW_CAPPED,8315d6a40f90dd03760b65554063b65fd73e7a11f096a2e78e956f275e5ce1b3
45,1781792400000,rl-qlearn,BTCUSDT,buy,63964.384838904,0.03126739989819417,2000.0,1.2,-1.79986,9924.631502,ALLOW_CAPPED,bbccc598f76405400c431082afa1ca589d71af5c7fbb2dac3b0245867b2bb3ad
46,1781792460000,rl-qlearn,BTCUSDT,sell,63930.716308998,0.03128386658978366,2000.0,1.2,-1.80014,9923.12532,ALLOW_CAPPED,5d6b674a31f0d3313b8d370c51ad99dceb1cdef264b674470b793d58d6a3494a
47,1781792520000,rl-qlearn,BTCUSDT,sell,63920.01951878399,0.03128910183471183,2000.0,1.2,-1.80014,9920.990693,ALLOW_CAPPED,2cc00eb647db1f5b7faba6bb24274515affd02f5f0636452267ad5e5ef6c386c
48,1781792580000,rl-qlearn,BTCUSDT,sell,64030.786281,0.031234974863856457,2000.0,1.2,-1.80014,9919.187387,ALLOW_CAPPED,5fff6d5f9aae238a4aca1b1ad0a29b798a2eeb6b932af014cf93cf138102df1e
49,1781792640000,rl-qlearn,BTCUSDT,buy,64075.118051118,0.03121336426418185,2000.0,1.2,-1.79986,9917.203072,ALLOW_CAPPED,eaf238b843759227bbb38b7dca7048b9d6200c741e23862cd85674254c0095c0
50,1781792700000,rl-qlearn,BTCUSDT,sell,63969.004819764,0.0312651416984695,2000.0,1.2,-1.80014,9915.406329,ALLOW_CAPPED,92c88bbb8ee58e9fa122bf0ae6808919a53949023ed3d552db0c287f56916320
51,1781792760000,rl-qlearn,BTCUSDT,sell,63894.427198272,0.031301634394401284,2000.0,1.2,-1.80014,9915.942312,ALLOW_CAPPED,d0c4f5afd4ac981ffff0f34ddd21b04e3bd48912068998a87734df97f4145c7f
52,1781792820000,rl-qlearn,BTCUSDT,sell,63865.161785880504,0.015015350988306886,958.95782014,0.5753746920839999,-0.813191,9917.170434,ALLOW,52707e731e9c7fe1eed5128587bcfa081a01ef3b84d5b343a4c8749d71ca8db5
53,1781792880000,rl-qlearn,BTCUSDT,buy,63835.74625633199,0.03133040838856985,2000.0,1.2,-1.79986,9920.370095,ALLOW_CAPPED,b9d48bbf580cf1287dbe963a3e86d1ee007e769748b1076061cbf9eb5f8633f1
54,1781792940000,rl-qlearn,BTCUSDT,buy,63804.736955712,0.03134563506449742,2000.0,1.2,-1.79986,9920.005594,ALLOW_CAPPED,024923e16a03f982759f05a3c33f73c8f27cc94dfe1916a6bed64dbf729ad339
55,1781793000000,rl-qlearn,BTCUSDT,buy,63780.82978523399,0.03135738444818765,2000.0,1.2,-1.79986,9918.563189,ALLOW_CAPPED,f7da09c2c6962a56086012d20268b9370055d7ff98e288a2d53ce03640140600
56,1781793060000,rl-qlearn,BTCUSDT,buy,63860.253606822,0.03131838486445262,2000.0,1.2,-1.79986,9918.065577,ALLOW_CAPPED,b7e0dd3f9d7ca8719e1349b40dccce71a1efad6b7a5481c88c6692ad1ad4f77e
57,1781793120000,rl-qlearn,BTCUSDT,buy,63881.079119313195,0.029931614495408935,1912.06383375,1.14723830025,-1.712321,9917.360138,ALLOW,823b44b1a5b98359a9c1243a157f05f50bdac8e26e019deb2b26ad6b24f60d86
58,1781793180000,rl-qlearn,BTCUSDT,sell,63833.84537706,0.031331341362661205,2000.0,1.2,-1.80014,9914.845608,ALLOW_CAPPED,bb4038913639ae9b4338d6f631de6a20b3d6b4a0ee123dfa99b7ddce6f951870
59,1781793240000,rl-qlearn,BTCUSDT,sell,63849.040817363995,0.031323884813256146,2000.0,1.2,-1.80014,9913.749528,ALLOW_CAPPED,f8bfa59a9c5815cde7977bcf39ff6491cd510b7be1401dfd216f833240b2d8fd
60,1781793300000,rl-qlearn,BTCUSDT,sell,63859.06680085521,0.014999608632038015,957.86100962,0.574716605772,-0.812208,9913.037792,ALLOW,77536bc80b4963bdd1168e0b7606bcbd0c77d380b7726d7610117a3de3e8044a
61,1781795040000,rl-qlearn,BTCUSDT,buy,63661.393962846,0.03141621437267362,2000.0,1.2,-1.79986,9911.238797,ALLOW_CAPPED,1266a690f4e895859e63165d1913636f8f94d8a0848741450afdd34d6ad5aba4
62,1781795100000,rl-qlearn,BTCUSDT,sell,63535.04650213752,0.031421916575804114,1996.39293083,1.197835758498,-1.796533,9906.671682,ALLOW,bf3217611612ba703e84f9dc49c9a27e32f6e3aa429a98694e17a0bd4834633d
63,1781795160000,rl-qlearn,BTCUSDT,sell,63624.708132876,0.0314343288746116,2000.0,1.2,-1.80014,9904.870697,ALLOW_CAPPED,8a123c2d94ae144ba97e4916e99c0ba3191d6c23ad2ec17f8b73060d1173053b
64,1781795220000,rl-qlearn,BTCUSDT,buy,63639.58742241,0.03142697935366755,2000.0,1.2,-1.79986,9903.803476,ALLOW_CAPPED,9ce934c481f79fa9a8023b504a833eda00b52fd1e364396160d2c4333f4c7a81
65,1781795280000,rl-qlearn,BTCUSDT,sell,63686.289654108004,0.031403933418988124,2000.0,1.2,-1.80014,9902.001912,ALLOW_CAPPED,e64bf8dda42fadd7f7ed2084729118cc651237126e388a38495f98421243ae6d
66,1781795340000,rl-qlearn,BTCUSDT,buy,63666.595043025925,0.03141127944471509,1999.84920819,1.199909524914,-1.799709,9902.021462,ALLOW,5c302f77cbb5f67066a7c174d7b69d1979f10bc48a27f831388826fa2c26b5c2
67,1781795820000,rl-qlearn,BTCUSDT,buy,63282.380285268,0.03160437377646485,2000.0,1.2,-1.79986,9900.225221,ALLOW_CAPPED,722129618247f3eed69d96b21048693359c14d3c4c434f4ef2b576f1f823f353
68,1781795880000,rl-qlearn,BTCUSDT,buy,63250.770804636,0.031620168016251414,2000.0,1.2,-1.79986,9897.426961,ALLOW_CAPPED,f7d8dd1f6a79de4084f8e147f7d0556daed657d23e6b887970423e6ccb483e9b
69,1781795940000,rl-qlearn,BTCUSDT,buy,63383.975695408735,0.014943735207960624,947.19334922,0.5683160095319999,-0.802569,9905.253255,ALLOW,cdd7115f7ed960b46d99abc4d51af2feb161d557f7fc091b764fbef4cf078749
70,1781796180000,rl-qlearn,BTCUSDT,sell,63322.79872683601,0.031584200954661946,2000.0,1.2,-1.80014,9901.381905,ALLOW_CAPPED,6803e1547a7a9e067615d5e488a6f315dc1a51f25c9acfbc28269e184f01c7db
71,1781796240000,rl-qlearn,BTCUSDT,buy,63336.496516349995,0.031577370236822465,2000.0,1.2,-1.79986,9898.450281,ALLOW_CAPPED,0ad484fcd3d87b305cfdc40127b86082f2f04ef8e51847ed8d8c446b73f7ee45
72,1781796540000,rl-qlearn,BTCUSDT,sell,63196.536614310004,0.031647303905371404,2000.0,1.2,-1.80014,9888.678635,ALLOW_CAPPED,2f4050f8536a095799cc8b18b97d9a851fc84a723e6595cfa295feb232b4e7f7
73,1781796600000,rl-qlearn,BTCUSDT,buy,63318.891235997995,0.03158615005663526,2000.0,1.2,-1.79986,9890.803773,ALLOW_CAPPED,f7be0cb723424f2e2fdcdf0cf6edafe891ce6cf97fc1651e142289d938d8565f
74,1781796660000,rl-qlearn,BTCUSDT,sell,63248.920895358,0.03162109284534505,2000.0,1.2,-1.80014,9886.504725,ALLOW_CAPPED,564dd409d36028dcf7fa0bc76a2d5b7ee6cdf79c98c5457547921d320489e1d9
75,1781796720000,rl-qlearn,BTCUSDT,sell,63160.647383592,0.03166528658032033,2000.0,1.2,-1.80014,9880.601304,ALLOW_CAPPED,d7a3629095dda7c7a7fcbb3c3f0c261920272b6a774d5cb157feb659f80928b4
76,1781796780000,rl-qlearn,BTCUSDT,sell,63210.432444588005,0.03164034673790999,2000.0,1.2,-1.80014,9879.538428,ALLOW_CAPPED,fd22af7bccf062dbd72cf6cf4d2dca03f70f692a00aae5c6ec47499217184276
77,1781796840000,rl-qlearn,BTCUSDT,buy,63280.82315076854,0.01683159454677644,1065.11715786,0.639070294716,-0.908765,9878.033673,ALLOW,9d718842afc748912f58ceebcd24526166e6283e14801fbfad6fdbbd093d0880
78,1781797260000,rl-qlearn,BTCUSDT,sell,62656.998513516,0.03191981817591488,2000.0,1.2,-1.80014,9876.236044,ALLOW_CAPPED,4cf1410998890efc367cfd1a68274e1ad051fa9744d55bc8a203b8fb4232c5c2
79,1781797320000,rl-qlearn,BTCUSDT,buy,62704.106843706,0.03189583746061686,2000.0,1.2,-1.79986,9874.132905,ALLOW_CAPPED,31855e3aaeb3522fa82a65e2d5ce5f7ffb9f275e086922038aab5bda25fab539
80,1781798100000,rl-qlearn,BTCUSDT,buy,62453.431658694,0.032023860769251816,2000.0,1.2,-1.79986,9872.340123,ALLOW_CAPPED,1f570c1311131d1350f8debb408c3da61f0d5ff04337131d55847246695e2a2a
81,1781798160000,rl-qlearn,BTCUSDT,sell,62403.57455844601,0.03204944611188639,2000.0,1.2,-1.80014,9870.143237,ALLOW_CAPPED,e4498b23dc1a54cc8510231aa7fc264413e8867848f70c58df6aa03d7ad9973c
82,1781798520000,rl-qlearn,BTCUSDT,sell,62561.727101610006,0.03196842690662437,2000.0,1.2,-1.80014,9868.334581,ALLOW_CAPPED,dc0dc120948abb7c67b69ff258610825680ae0a90e83b8f60d38e9d1c2378a94
83,1781798580000,rl-qlearn,BTCUSDT,sell,62521.439190804,0.03198902689837906,2000.0,1.2,-1.80014,9867.824938,ALLOW_CAPPED,d30c19dbc6231d3580953aa876413592146ad67683cb4d2d6d8806dfa1248160
84,1781798640000,rl-qlearn,BTCUSDT,buy,62554.061840706,0.031972344259482345,2000.0,1.2,-1.79986,9866.338733,ALLOW_CAPPED,faaded9b8f699f822e49542785e7044b540a68a2df2fb2fbb6acb0039615e808
85,1781798700000,rl-qlearn,BTCUSDT,sell,62581.821072012,0.031958162382309536,2000.0,1.2,-1.80014,9862.446451,ALLOW_CAPPED,6a4c682d0dd9cd2971d08d6390d20e05640926b3287b61b4d1653dee59fb72ce
86,1781798760000,rl-qlearn,BTCUSDT,sell,62581.7854389867,0.014785335489862335,925.29269327,0.5551756159619999,-0.783085,9861.880956,ALLOW,33ccd9b370bea1ae162bb3c9ccdba77d9edc5f0dcfc20fe5f4cf760d9d446337
87,1781798940000,rl-qlearn,BTCUSDT,buy,62684.901083321995,0.03190560989067465,2000.0,1.2,-1.79986,9854.652986,ALLOW_CAPPED,c291863de5a9340d750f046ad84d333b5d7f2452101f5f6420561b542ad782fb
88,1781799000000,rl-qlearn,BTCUSDT,buy,62690.002613423996,0.031903013504927406,2000.0,1.2,-1.79986,9852.614054,ALLOW_CAPPED,2a41b1b7ab33beb4466d4d16550954b5d290385bf5e768e4fc1ec3ab076b0435
89,1781799060000,rl-qlearn,BTCUSDT,buy,62713.30960389,0.03189115695906349,2000.0,1.2,-1.79986,9850.465304,ALLOW_CAPPED,303afa83e9f0467d7f6127ab873631c1e8974faa8dc5d440560478a27e2f68f6
90,1781799120000,rl-qlearn,BTCUSDT,buy,62708.608193796004,0.03189354791321724,2000.0,1.2,-1.79986,9848.585933,ALLOW_CAPPED,eaac2806db31051e2f1b2f7797208632a36ef6efcc70b9c7271da385b2f9ded6
91,1781799180000,rl-qlearn,BTCUSDT,sell,62645.20205328,0.03192582886553693,2000.0,1.2,-1.80014,9845.526472,ALLOW_CAPPED,75df7536355348d58126d70a9747773ec24f1ea5702c8867cfabad2a13957689
92,1781799240000,rl-qlearn,BTCUSDT,sell,62591.318222202,0.03195331328379936,2000.0,1.2,-1.80014,9842.816227,ALLOW_CAPPED,984641e7fe00a6338dd1177f004d97bdf6aae4d30524a89710da144ea9e3d008
93,1781799300000,rl-qlearn,BTCUSDT,buy,62583.870781301994,0.03195711570779886,2000.0,1.2,-1.79986,9841.694438,ALLOW_CAPPED,f0a85c3800d68b7c124b45262c9bf7c1b87dcc120cba720f44d98bf80a336b7c
94,1781799360000,rl-qlearn,BTCUSDT,sell,62486.54966010601,0.03200688805637292,2000.0,1.2,-1.80014,9838.884344,ALLOW_CAPPED,c41b6522ef456829f6df3c54fea98eb60be7fa1667cdfe6115d8a3144f25dbea
95,1781799420000,rl-qlearn,BTCUSDT,sell,62587.619332128,0.031955201705097344,2000.0,1.2,-1.80014,9835.555772,ALLOW_CAPPED,e052e9f15ab42da95c8f4aa51e2b8f16e96636e53597932845e830f45ff03806
96,1781799480000,rl-qlearn,BTCUSDT,buy,62537.25680037,0.03198093588249888,2000.0,1.2,-1.79986,9837.893648,ALLOW_CAPPED,1bf0ee5ecd1d8b66df1f7516b8b6ca2c8a921c71ae035ad82af573833c368575
97,1781799540000,rl-qlearn,BTCUSDT,sell,62533.935441053996,0.031982634483083965,2000.0,1.2,-1.80014,9835.577352,ALLOW_CAPPED,fffb8370f8013c4c7b73869738e43737985b68f4256243ecfbc10c9ad05089d2
98,1781799600000,rl-qlearn,BTCUSDT,sell,62657.30994725162,0.03135178699027705,1964.41863485,1.17865118091,-1.764618,9828.008396,ALLOW,d072dc18dde91f784e444db9716fdc7f529979bdc6ff0b7134097955a08355bf
99,1781799720000,rl-qlearn,BTCUSDT,buy,62721.912184062,0.031886782949646926,2000.0,1.2,-1.79986,9824.083172,ALLOW_CAPPED,7e6d7384ef847f22c2252e242efa38c67784b476ad4835ea6c5095aa09e424f8
100,1781799780000,rl-qlearn,BTCUSDT,sell,62702.4081606282,0.031778370053276064,1992.58032976,1.195548197856,-1.792722,9821.448077,ALLOW,e9a9f0db5dbd0f70d5be64fccafa0d77dbbef08595722397dd829ae11be5b599
101,1781800080000,rl-qlearn,BTCUSDT,buy,62614.37993191199,0.0319415444531246,2000.0,1.2,-1.79986,9829.484995,ALLOW_CAPPED,7febedf6b8ccc874082a3391c1b282040a96f8649a5da140dfc25d221fe776b2
102,1781800140000,rl-qlearn,BTCUSDT,buy,62588.672221398,0.03195466414314241,2000.0,1.2,-1.79986,9828.877018,ALLOW_CAPPED,89a3c74e44dbc4bf3464948c4156fb4f82316faf6bdf4f48500699ce073bcba7
103,1781800200000,rl-qlearn,BTCUSDT,buy,62583.070541286004,0.03195752433848067,2000.0,1.2,-1.79986,9827.157922,ALLOW_CAPPED,0091ba65027f8680c886aab55ed3474b90a27af6e83dd3a41a0c4da9096a6444
104,1781800260000,rl-qlearn,BTCUSDT,sell,62491.048310196005,0.03200458392172117,2000.0,1.2,-1.80014,9824.4021,ALLOW_CAPPED,ef5a9ca12fe87a8d316c609f2a9751cc37433494eee5b9a89e4ba7fc8b0b5d16
105,1781800320000,rl-qlearn,BTCUSDT,buy,62508.52493804428,0.014465600713282336,904.22336293,0.542534017758,-0.764218,9823.87807,ALLOW,ef3b321ad6048290e9a4057b53d15f47d511f268103d1c783f7c118ff0339246
106,1781800440000,rl-qlearn,BTCUSDT,sell,62590.818372192,0.03195356846282369,2000.0,1.2,-1.80014,9822.077517,ALLOW_CAPPED,603229d112bf518960d283c2079ae14a43ba2353ceb93ebf9ee358fb28a4f896
107,1781800500000,rl-qlearn,BTCUSDT,buy,62625.683322138,0.03193577928263508,2000.0,1.2,-1.79986,9820.363941,ALLOW_CAPPED,2780fb6c963c28719a020c6a0f6d7f26c59800878cf57611732d524b3fafa3d8
108,1781800560000,rl-qlearn,BTCUSDT,buy,62566.665620957996,0.03196590357102327,2000.0,1.2,-1.79986,9818.56534,ALLOW_CAPPED,9b4f9be9a75e27b1366d17651032cb19200dcb532e42593bd1ee3935a6b4808a
109,1781800620000,rl-qlearn,BTCUSDT,sell,62594.71720227,0.03195157817451518,2000.0,1.2,-1.80014,9818.860763,ALLOW_CAPPED,73dc6b1eb010f38062122ea2daf213dab4dfeeb0604717a5fdb4b9ebebfb46e4
110,1781801160000,rl-qlearn,BTCUSDT,buy,62802.936485681996,0.031845644677075985,2000.0,1.2,-1.79986,9817.059707,ALLOW_CAPPED,d4e8c2feebf233667c2d11826dff8429e0084393dfd2c7724460b92963f71ed4
111,1781801220000,rl-qlearn,BTCUSDT,sell,62668.894943754,0.03191375883993201,2000.0,1.2,-1.80014,9812.190323,ALLOW_CAPPED,65fb572b301790c2cd8c46bc2604c2d7a73d879bb8a131537204ad058fc13b9d
112,1781801280000,rl-qlearn,BTCUSDT,sell,62661.897043614,0.031917322876579335,2000.0,1.2,-1.80014,9810.390709,ALLOW_CAPPED,2c4943fee4ffa454790082712a424780cb23b7aae264f0cdb438bed8ab03f305
113,1781801340000,rl-qlearn,BTCUSDT,sell,62653.299623442,0.031921702640090345,2000.0,1.2,-1.80014,9808.865704,ALLOW_CAPPED,479b2a08be38d5917f9ad10193b11be1c1e24a61b485a29f6cafa7ed38c9b64a
114,1781801400000,rl-qlearn,BTCUSDT,sell,62654.64989149098,0.014348498198089709,899.00013107,0.539400078642,-0.759651,9808.240272,ALLOW,dd3f7598337754f82d7245245c03b1d72811818338d767d48b271f4fcdef73b8
115,1781801520000,rl-qlearn,BTCUSDT,buy,62667.595892976,0.03191442038746163,2000.0,1.2,-1.79986,9808.09958,ALLOW_CAPPED,2c275941794b931a02fffb37e928152ca4918b717f146e9869e6cf2ce2560dec
116,1781801580000,rl-qlearn,BTCUSDT,buy,62633.7857523,0.031931648007186876,2000.0,1.2,-1.79986,9807.866291,ALLOW_CAPPED,862df2adc2084a2e2d574949c49a491c10eebed45bc6578011da70b47b6df299
117,1781801640000,rl-qlearn,BTCUSDT,buy,62651.991212664,0.03192236928609757,2000.0,1.2,-1.79986,9805.804049,ALLOW_CAPPED,c3ee49abcb0aeaddd6ad7e03d144b175e0b76b7903c980a4b4ae1198641ecb55
118,1781801700000,rl-qlearn,BTCUSDT,sell,62610.142839532054,0.01751025030289156,1096.31927262,0.657791563572,-0.937205,9804.742552,ALLOW,81776667c4f3e3390e15d4854134aa22b910f4e7128c7005618c1bc85b17d90c
119,1781802960000,rl-qlearn,BTCUSDT,sell,62480.25154998,0.03201011440231054,2000.0,1.2,-1.80014,9802.942979,ALLOW_CAPPED,c161a8cf9815168776299de85624218da904d3c3232110eaabdf27dc7168a33a
120,1781803020000,rl-qlearn,BTCUSDT,buy,62523.652720098,0.03198789438860004,2000.0,1.2,-1.79986,9800.954233,ALLOW_CAPPED,d1282d5e8fa3f8d15eb420ddd45bbbeceac1ff5266c7b651e60317aff8b72733
121,1781803080000,rl-qlearn,BTCUSDT,sell,62529.636730968,0.03198483318566112,2000.0,1.2,-1.80014,9799.152933,ALLOW_CAPPED,1edd7d0b29ef1ae3afc473f2d0f5520a276530e5e8b199cb8c82cb16f60eb2b9
122,1781803140000,rl-qlearn,BTCUSDT,sell,62557.528361526005,0.03197057256549214,2000.0,1.2,-1.80014,9796.459671,ALLOW_CAPPED,02a17b191734998167b95e25cee98b74f37192d06b5d310467a35264e6db266f
123,1781803200000,rl-qlearn,BTCUSDT,sell,62554.586666886506,0.01430881117633241,895.08176883,0.537049061298,-0.756165,9796.112992,ALLOW,11225319ac7242277bf3c3edcd8cfa1c8ff2403a9852e6a8beea8d8ee058f20c
124,1781803320000,rl-qlearn,BTCUSDT,buy,62450.830878641995,0.03202519441072792,2000.0,1.2,-1.79986,9805.101618,ALLOW_CAPPED,18daa28f9b8d2ec542932bf29ccaaef38c90b97ea1bfd8a890f2ce627ea687bd
125,1781803380000,rl-qlearn,BTCUSDT,buy,62438.527188396,0.03203150506682184,2000.0,1.2,-1.79986,9803.870826,ALLOW_CAPPED,be2713b03625dcc84bc24215129ea013cd2f892162628494e4a32ca574438262
126,1781803440000,rl-qlearn,BTCUSDT,buy,62357.802976782,0.03207297089579424,2000.0,1.2,-1.79986,9803.219666,ALLOW_CAPPED,25ac10b39569a51338cb5ef9c64cbb52bbea266637f6ebe02dde6dbefbe04bf3
127,1781803500000,rl-qlearn,BTCUSDT,sell,62311.77047830079,0.01784333215579529,1111.84961786,0.6671097707160001,-0.951346,9802.064958,ALLOW,751e98ea29742c72d286176a84f5928d50544b2df15be97c5f4deb24231148bf
128,1781803620000,rl-qlearn,BTCUSDT,sell,62312.70182662801,0.03209618490889032,2000.0,1.2,-1.80014,9800.264801,ALLOW_CAPPED,d8b0790956e75e43533560fa1660a1508e357c5dff672dcdc8f96351275f291b
129,1781803680000,rl-qlearn,BTCUSDT,buy,62358.20309679,0.03207276510029766,2000.0,1.2,-1.79986,9798.204925,ALLOW_CAPPED,dc3afccf17d27364885a17976757b4771e02da70f386f2db73dbe18c3d584c7d
130,1781803740000,rl-qlearn,BTCUSDT,sell,62530.836370992,0.03198421956383424,2000.0,1.2,-1.80014,9796.398907,ALLOW_CAPPED,4685db63bbb59815430885caad96939bcc472dbf9ea3ec84357a373eb4e8fd64
131,1781803800000,rl-qlearn,BTCUSDT,sell,62627.007512916,0.031935104029799384,2000.0,1.2,-1.80014,9791.519193,ALLOW_CAPPED,ef3d8a913a49028f8fb3268d3f26e4ac9af2899f84340b00b5c8a22467ec1789
132,1781803860000,rl-qlearn,BTCUSDT,sell,62644.18562145004,0.014181930366667534,888.41547836,0.533049287016,-0.750237,9789.892878,ALLOW,947698fd9b2bcd5bab7dc47cc2709f6287be0f2e6ab44ceca1967284891ef7ab
133,1781803920000,rl-qlearn,BTCUSDT,buy,62719.911584022,0.031887800054066134,2000.0,1.2,-1.79986,9784.842842,ALLOW_CAPPED,3e87f5801513e1ea041a7bd931358c70cd58d7d37053157debb4da6cb735ffbe
134,1781803980000,rl-qlearn,BTCUSDT,sell,62681.31284709748,0.03179738763500217,1993.10200207,1.195861201242,-1.793244,9783.09584,ALLOW,201820fa25dfe139d8b7e449a6f42b6d623b1ff4ebc996ca598fe59b8cd67e45
135,1781804040000,rl-qlearn,BTCUSDT,buy,62724.81305411999,0.03188530826348366,2000.0,1.2,-1.79986,9780.835551,ALLOW_CAPPED,535da63277d999c6b471a59043f4f0f54049b8dc2c36d7347581af196b235ccd
136,1781804100000,rl-qlearn,BTCUSDT,buy,62641.888182462,0.03192751780046031,2000.0,1.2,-1.79986,9782.861817,ALLOW_CAPPED,1626a72278fdceec9e1059102120b265375830b8e1266c50036fb99a0e05ee4c
137,1781804160000,rl-qlearn,BTCUSDT,buy,62663.99481290399,0.031916254397304285,2000.0,1.2,-1.79986,9780.747562,ALLOW_CAPPED,5f3944b333efa727d663ccfbe9fc1d2c4e09aac8de60780879a134fdbdf71f85
138,1781804220000,rl-qlearn,BTCUSDT,sell,62598.116182338,0.031949843253658454,2000.0,1.2,-1.80014,9778.446788,ALLOW_CAPPED,430aa1e083c123a63875fb09e61d5f9286b2ab098c5d993c4e90374b1f69799c
139,1781804280000,rl-qlearn,BTCUSDT,buy,62557.59821055595,0.014256097361799183,891.82721081,0.535096326486,-0.753189,9778.757364,ALLOW,99c16b991e78b58100c09e6887eeea74a830c22fbae7f57a3d44e47595fe8ccc
140,1781804760000,rl-qlearn,BTCUSDT,buy,62626.883682162,0.0319351671743753,2000.0,1.2,-1.79986,9776.957275,ALLOW_CAPPED,7e2c7cef972c3a304cdcbd3a5b022943443cbc1cc299e8bc34b4731c826febbc
141,1781804820000,rl-qlearn,BTCUSDT,sell,62601.51650427418,0.03194126110512798,1999.57138424,1.199742830544,-1.799711,9775.54713,ALLOW,45f0374368e55a474d7411df1f9a0e9b6a8042fdf8934fd0eed6feb813f6528f
142,1781811000000,rl-qlearn,BTCUSDT,buy,62794.53396551399,0.031849905934462006,2000.0,1.2,-1.79986,9773.745781,ALLOW_CAPPED,33b2e105d63fe6058471f28bfcff88ed19e5cb73710d0817b4b9c0a7eba09163
143,1781811060000,rl-qlearn,BTCUSDT,sell,62771.566437676986,0.03184987803809198,1999.2667353,1.19956004118,-1.799407,9772.414427,ALLOW,29dfcfff15c855e77e9e3f25574528510534fd87ec13546d0197c5170ca77185
144,1781811120000,rl-qlearn,BTCUSDT,buy,62787.731925378,0.03185335635912062,2000.0,1.2,-1.79986,9770.614772,ALLOW_CAPPED,f1dc101b0962798004876d7e005a4ce7830a7ff55b1c20cd6226172d8eca93a4
145,1781811180000,rl-qlearn,BTCUSDT,sell,62805.953816496,0.03184411474497342,2000.0,1.2,-1.80014,9770.594701,ALLOW_CAPPED,218480914ba85fce0338a2113c32059ff079e51dd95f700eae9f2e8259f98970
146,1781812860000,rl-qlearn,BTCUSDT,sell,63135.05506308,0.031678122368021124,2000.0,1.2,-1.80014,9768.794458,ALLOW_CAPPED,ae8b1cb3688180fb4f82df8a4d4b7aedc0e6d9e1d2258b57a91f6fe024537a2f
147,1781812920000,rl-qlearn,BTCUSDT,buy,63114.02586054397,0.0316689345721096,1998.75395556,1.1992523733359999,-1.798614,9768.861704,ALLOW,9092a58485447620d238df475a6fe4afaacbc02646029ce1b33a7f7dd19db7cf
148,1781814000000,rl-qlearn,BTCUSDT,buy,63196.45451355,0.031647345019508624,2000.0,1.2,-1.79986,9767.061061,ALLOW_CAPPED,bebf91b0da02609d1774d8b0422fa3cd2d840644351e16ee988ee828ba50f7f5
149,1781814060000,rl-qlearn,BTCUSDT,sell,63095.576988108325,0.03164733419406466,1996.80681111,1.1980840866659999,-1.796947,9763.27093,ALLOW,31cd30f8f03d75979e66d4f3485af791fb240571f8d5213bd3aa859b1aad3a00
150,1781816460000,rl-qlearn,BTCUSDT,buy,63098.725201596,0.03169636143377129,2000.0,1.2,-1.79986,9761.471399,ALLOW_CAPPED,cdd3301c330359a2307b1e75fcaed88e0f5b53837be354ba9306fda5b20fae00
151,1781816520000,rl-qlearn,BTCUSDT,sell,63046.087018375205,0.03169637855617546,1998.33264062,1.198999584372,-1.798473,9759.203961,ALLOW,ece33cad24205f21c6c3d7d460a7be63cd8bf751884e6581e791491cc5a31664
152,1781816700000,rl-qlearn,BTCUSDT,buy,63076.518541152,0.031707520425293796,2000.0,1.2,-1.79986,9757.404171,ALLOW_CAPPED,8d7b600c773a119ad48a892682c576c906422a0ba1761f63205d93b2708a7f6f
153,1781816760000,rl-qlearn,BTCUSDT,sell,63044.48544272151,0.03170752480145403,1998.98458577,1.199390751462,-1.799125,9755.788895,ALLOW,b45a73a0f33399f9adc5e5d46eb210bd0608d2c43e5516df19ee85180d776de3
154,1781817420000,rl-qlearn,BTCUSDT,buy,63021.602070053996,0.03173515008039348,2000.0,1.2,-1.79986,9753.989612,ALLOW_CAPPED,e8eeafc70f0fb4b9be2effcfe77e174350b067a19caef9f6edfda6846ebbd116
155,1781817480000,rl-qlearn,BTCUSDT,sell,62941.02133741954,0.0317351559221122,1997.44312604,1.198465875624,-1.797583,9750.834171,ALLOW,ecee995ea5c3ec928080b857333c502d8ee0292c8cfa02aa26317c7737587189
156,1781817780000,rl-qlearn,BTCUSDT,sell,62968.205129742,0.03176206143845337,2000.0,1.2,-1.80014,9749.033773,ALLOW_CAPPED,19bf53aef5d05ac4bf063bf7116209a63ebfa75f95b417aeaf0ae10894390a10
157,1781817840000,rl-qlearn,BTCUSDT,buy,63009.698499816,0.03174114537313395,2000.0,1.2,-1.79986,9747.116358,ALLOW_CAPPED,06ea0ebcf7f1e886220c79bfd0581a29071d7c3391ec5b57a67a23c2a42be9d1
158,1781818920000,rl-qlearn,BTCUSDT,buy,62898.36510759,0.03179732885869013,2000.0,1.2,-1.79986,9745.319885,ALLOW_CAPPED,2b050d626cdc695abd2adb04079ed44a1e8cf797362ae8e0e0089e5afc78e3b0
159,1781818980000,rl-qlearn,BTCUSDT,sell,62861.14510901936,0.03177642526231036,1997.50247946,1.198501487676,-1.797643,9743.538126,ALLOW,a23220cbd9c15b1704a9cdf6f2a7e9edb6545ad278d70b76aafb0126de5ba89c
160,1781821740000,rl-qlearn,BTCUSDT,buy,62818.54116599399,0.03183773393774184,2000.0,1.2,-1.79986,9741.739031,ALLOW_CAPPED,02053904fc2bdf23c875f21eedb011e25b170c7fd9918eb3afe6a226ea28cdd1
161,1781821800000,rl-qlearn,BTCUSDT,sell,62788.162189069466,0.031837754765626884,1999.03410996,1.199420465976,-1.799174,9740.172203,ALLOW,7b229c9580e799571367242292d9402aff752752443370455bdf1756edffc2c0
162,1781822700000,rl-qlearn,BTCUSDT,buy,62775.128145126,0.03185975176946388,2000.0,1.2,-1.79986,9738.372827,ALLOW_CAPPED,73c5a78d28b4f6022dec059ca70629e7313aa5fe6afcda07e48b749a3d456b3b
163,1781822760000,rl-qlearn,BTCUSDT,sell,62739.97712776103,0.03185975812438638,1998.88049602,1.199328297612,-1.79902,9736.653432,ALLOW,9a0459a6bbf6c74faf6f18bb1f711f75ec4e4ec7e48b30be556582c83a1a9794
164,1781824260000,rl-qlearn,BTCUSDT,sell,62751.370195404,0.03187181401413419,2000.0,1.2,-1.80014,9734.853183,ALLOW_CAPPED,a41c75a005974e302536a9ead52efb4be1dba091ef5ba17a522315ac1cea14b1
165,1781824320000,rl-qlearn,BTCUSDT,buy,62818.741225998005,0.03183763254352325,2000.0,1.2,-1.79986,9732.106446,ALLOW_CAPPED,9bb06dff7444b589b7f5c67b400f62f35881933db904bd891b4fa11dfa4b2918
166,1781826840000,rl-qlearn,BTCUSDT,buy,62933.37560828999,0.03177963966923374,2000.0,1.2,-1.79986,9730.301574,ALLOW_CAPPED,8703921dc7ccb7ce90fd084b0d4fe857d5132fff99166308172483086a9580ba
167,1781826900000,rl-qlearn,BTCUSDT,sell,62930.82338117704,0.03174542213692921,1997.76555366,1.1986593321960002,-1.797906,9729.620772,ALLOW,6cb40a2e2fdd4faca27b882b1c3dcc12e7ea440c61d309844cc647c51e390025
168,1781828100000,rl-qlearn,BTCUSDT,sell,62818.949916756006,0.03183752677576245,2000.0,1.2,-1.80014,9727.821697,ALLOW_CAPPED,58c3abc7105780a5c3c94f0cd06380e147d3ade3609a4199784c4f55900d2081
169,1781828160000,rl-qlearn,BTCUSDT,buy,62860.153646826,0.03181665783441791,2000.0,1.2,-1.79986,9725.910373,ALLOW_CAPPED,355a86323baf72c2d26ec976b1b20e2bd93915692b9a96aa682142bbded52a92
170,1781829600000,rl-qlearn,BTCUSDT,buy,63011.699099856,0.0317401376025515,2000.0,1.2,-1.79986,9724.105909,ALLOW_CAPPED,d499a8611a558f023727af2a4bafe782568b4f2e9c173d2fa42c15beefb7cbc2
171,1781829660000,rl-qlearn,BTCUSDT,sell,63000.50070396745,0.03171926171063202,1998.32936973,1.198997621838,-1.798469,9723.150919,ALLOW,bc7ba0ce4ca0a4054fa8bc0de2dfd768a93a46f37f5a143d2f9a8befc7c8dabc
172,1781830320000,rl-qlearn,BTCUSDT,buy,62995.094119523994,0.03174850403755715,2000.0,1.2,-1.79986,9721.35147,ALLOW_CAPPED,1a4e2c91b0936167ad0570a45df4fe12b6def4c9bc9133a4517ea59442e43606
173,1781830380000,rl-qlearn,BTCUSDT,sell,62957.11225429029,0.03174851354866248,1998.79473139,1.1992768388339998,-1.798935,9719.546187,ALLOW,86819c65f1a24325e7e356ef4e4bc6e4c590385c05ee0e848ff1282b63f3b941
174,1781830800000,rl-qlearn,BTCUSDT,sell,62953.409569446005,0.03176952628425524,2000.0,1.2,-1.80014,9717.746082,ALLOW_CAPPED,9da9c31d45c8a32aa70792b06128be5c3c50d95d31f2d549afa94c7e41586b2c
175,1781830860000,rl-qlearn,BTCUSDT,buy,62978.8892592,0.03175667312531776,2000.0,1.2,-1.79986,9716.337105,ALLOW_CAPPED,49804f4cb49f544b6613114af9743946fca738ddbd30f316c39b3612c31e567f
176,1781831940000,rl-qlearn,BTCUSDT,buy,63029.604470214,0.03173112090438618,2000.0,1.2,-1.79986,9714.53611,ALLOW_CAPPED,7fad1e9ecdebd9c678601e05e7a3ce70e163b6dc6b66a0b4bd16eb0fc4270322
177,1781832000000,rl-qlearn,BTCUSDT,sell,62998.50170279696,0.03171825773248962,1998.20271377,1.198921628262,-1.798343,9712.950216,ALLOW,8f43893bd4a651c53fade4f37b77f6cb27e6a35421227acbf6e2cd89b17d44ba
178,1781832120000,rl-qlearn,BTCUSDT,buy,63059.11332080399,0.03171627215602118,2000.0,1.2,-1.79986,9711.150139,ALLOW_CAPPED,254081a467a52d5223ab17e2fa4f5d47436609df8297fb8f4b68e1815f1c8d29
179,1781832180000,rl-qlearn,BTCUSDT,sell,63011.996699724,0.03171627204076131,1998.50562916,1.199103377496,-1.798646,9709.056621,ALLOW,52f3597d5bf4ce7d52e6f67ca27d5830d572143c9b6bee3105ef90e00cc2f7b0
180,1781832540000,rl-qlearn,BTCUSDT,buy,62914.770027918,0.03178903775874113,2000.0,1.2,-1.79986,9707.258045,ALLOW_CAPPED,00a8bb4a2187e11b949660c3d72523be4488d402a38a9707b6794c05035e8d47
181,1781832600000,rl-qlearn,BTCUSDT,sell,62887.13221672806,0.03178906056934539,1999.12285507,1.1994737130420001,-1.799263,9705.779755,ALLOW,a92450fa9dbb68c3cf6a0c4d1fbaed5c1d1d876449a9b9fc1386e217be388d3c
182,1781832900000,rl-qlearn,BTCUSDT,buy,62854.451936711994,0.03181954401597194,2000.0,1.2,-1.79986,9703.980566,ALLOW_CAPPED,0d3c588ae5f64285a8a60b024da749b6f8fcba13e55e3f00a4313205363c8bc2
183,1781832960000,rl-qlearn,BTCUSDT,sell,62844.94306622216,0.031819554077132994,1999.69806437,1.1998188386220001,-1.799838,9703.077771,ALLOW,5236a8bd2cd33ec16123629ad81f160fcadbf9aba70a90342b90658ecee72ede
184,1781833140000,rl-qlearn,BTCUSDT,buy,62861.954186862,0.03181574651743797,2000.0,1.2,-1.79986,9701.278108,ALLOW_CAPPED,4dbe19502518721b15bda17ed8b85c5616df618c4342fc33eb83cbf554d1d947
185,1781833200000,rl-qlearn,BTCUSDT,sell,62838.54637789002,0.03181574467027209,1999.25514701,1.199553088206,-1.799395,9699.933542,ALLOW,f2108098d7804c358c065f1973ee3b9495ad33a1c86a65b6587188d9371137ee
186,1781834220000,rl-qlearn,BTCUSDT,sell,62975.802849894004,0.03175822950232331,2000.0,1.2,-1.80014,9698.132091,ALLOW_CAPPED,595d5a2b32b05722c42e65ca525ce256f966b8dbd0d492420c8a788e43201e85
187,1781834280000,rl-qlearn,BTCUSDT,buy,63011.999189862,0.031739986442483485,2000.0,1.2,-1.79986,9696.38306,ALLOW_CAPPED,e8abae085fba9c62d63f78d34232b98c9a6771d1c96853a545c889c8448d901a
188,1781835240000,rl-qlearn,BTCUSDT,buy,63010.498739832,0.0317407422572217,2000.0,1.2,-1.79986,9694.583241,ALLOW_CAPPED,d68e8d4791dc3945221b5a8e1a6dcfb0ac6c348dcb49ccfab0443fe0f2146cd6
189,1781835300000,rl-qlearn,BTCUSDT,sell,62982.90710359077,0.031722469187137475,1997.97332991,1.198783997946,-1.798113,9693.1086,ALLOW,6483481c37ee07190014991c55d83f4ae6a7252464b413166d217a1b4f9f5cee
190,1781836980000,rl-qlearn,BTCUSDT,buy,62924.272878108,0.031784236964871156,2000.0,1.2,-1.79986,9691.309657,ALLOW_CAPPED,319cb87997cd18f93a261a1077b845e3ffcdf0a779a78b2d4849a11fe964f7e1
191,1781837040000,rl-qlearn,BTCUSDT,sell,62887.832886813136,0.03178425687569105,1998.84303483,1.199305820898,-1.798983,9689.551981,ALLOW,b938c58ee2235b4e6bc26049afbe69901f3ff7c17557d7077101859bcdcf5ff9
192,1781837160000,rl-qlearn,BTCUSDT,sell,62843.742477252,0.031824966514748136,2000.0,1.2,-1.80014,9687.752262,ALLOW_CAPPED,160db9771f21e712173103e00f3686dae76d5972053df729039d9087e84c52a9
193,1781837220000,rl-qlearn,BTCUSDT,buy,62932.575368273996,0.03178004377377274,2000.0,1.2,-1.79986,9684.325659,ALLOW_CAPPED,6b890d2a3d2e03d5003c9cbc758c9b75074edae7a4ddb806ad056804a9f1dd6a
194,1781838180000,rl-qlearn,BTCUSDT,buy,62972.687399076,0.031759800678751816,2000.0,1.2,-1.79986,9682.523615,ALLOW_CAPPED,04b439258e925c5be5034341bada991b291f003685d812be930b6003e46f0ddb
195,1781838240000,rl-qlearn,BTCUSDT,sell,62920.33363018395,0.03171485183531704,1995.50905851,1.197305435106,-1.79565,9680.265068,ALLOW,674d27f55ebbfd240223eb7853dfc228528d762caa65d96372527e143ead8dc2
196,1781840760000,rl-qlearn,BTCUSDT,sell,62641.103283198005,0.03192791785543874,2000.0,1.2,-1.80014,9678.467583,ALLOW_CAPPED,719d6d58e64c61faf4e4572c904571a0e67927a8c46342b1192b6a298b67be06
197,1781840820000,rl-qlearn,BTCUSDT,buy,62680.699823238,0.031907748408043904,2000.0,1.2,-1.79986,9676.603848,ALLOW_CAPPED,c4b18e11e7253e6a14171f55f516aaec2bf38d22dba70c2a1522987ccd909063
198,1781841240000,rl-qlearn,BTCUSDT,buy,62753.42163469199,0.03187077210933052,2000.0,1.2,-1.79986,9674.80183,ALLOW_CAPPED,8fc66e56c620f948eb0b43224d35803d3647bcbeadfabe346d1f0159ce9c25d4
199,1781841300000,rl-qlearn,BTCUSDT,sell,62700.69463070317,0.03185064583291051,1997.05761816,1.198234570896,-1.797198,9672.523832,ALLOW,f45bf101c029f317e104e6064400ba3b76e505b2219bc50c71a780d345897653
200,1781841480000,rl-qlearn,BTCUSDT,buy,62756.722624758,0.03186909571359587,2000.0,1.2,-1.79986,9670.723796,ALLOW_CAPPED,a01f9a2b650c88152d172a888ee34226bb9c45cae3097a7f60fc39b588184535
201,1781841540000,rl-qlearn,BTCUSDT,sell,62725.381126396634,0.03186910434552566,1999.00171623,1.199401029738,-1.799142,9669.12537,ALLOW,8a94b5dd10d3891957fc7dde5a42de039c1db819c8c0a64aa2cd963b5a822de5
202,1781841900000,rl-qlearn,BTCUSDT,sell,62619.809672772004,0.03193877481345378,2000.0,1.2,-1.80014,9667.326239,ALLOW_CAPPED,6e64b27b7b2e4afdafd5c5283e889b3bb1d6af661efd7082eefc005ff1fa59cf
203,1781841960000,rl-qlearn,BTCUSDT,buy,62724.612994115996,0.03188540996159855,2000.0,1.2,-1.79986,9663.379451,ALLOW_CAPPED,431a9765e198c0a59893670c7cdfebd4f631ac413bfdeee03a5b789e16c05960
204,1781842380000,rl-qlearn,BTCUSDT,buy,62854.952086722,0.03181929082120002,2000.0,1.2,-1.79986,9661.571392,ALLOW_CAPPED,cfb7e4ef3aecb9b483fe21c2520c7fb2f0ccbcd6835657d032f12dd553f922a1
205,1781842440000,rl-qlearn,BTCUSDT,sell,62824.76173573677,0.03176588974399229,1995.68445449,1.1974106726940001,-1.795825,9660.01374,ALLOW,05f4b74c4f412b60d655f4e93a29a3f9b839620d6e4188d698ddf113454ab63e
206,1781842620000,rl-qlearn,BTCUSDT,sell,62853.93941745601,0.03181980347670226,2000.0,1.2,-1.80014,9658.213322,ALLOW_CAPPED,ff444a403c1806f67152db2a9ffb851c634e405e9b559ffdf3bf63dbc7c5c3e9
207,1781842680000,rl-qlearn,BTCUSDT,buy,62793.32754717509,0.03181978225455402,1998.07000959,1.198842005754,-1.79793,9659.544214,ALLOW,488dd60b335ea1ef7809cdcccc01c58978eeec5327888a81c1b58934be85dcec
208,1781792640000,rl-qlearn,BTCUSDT,sell,64036.684511118,0.03123209790245717,2000.0,1.2,-1.80014,9998.19986,ALLOW_CAPPED,9ab8eba4f1d013fc75906350f3456c003e4f744f80ac6899cb5140c7fa74c5a1
209,1781792700000,rl-qlearn,BTCUSDT,buy,64007.39289449934,0.031222732822347866,1998.485727,1.1990914362,-1.798346,9998.515927,ALLOW,becc0ccacce27f10c131366a2ee71d810f8111ed514dd26c87e4753d6dc60d7c
210,1781793000000,rl-qlearn,BTCUSDT,sell,63742.572765234,0.03137620452450305,2000.0,1.2,-1.80014,9996.717908,ALLOW_CAPPED,f18b9b79b97875c135b64d867507fb02f46293df9689febce4bb6af7d82dee97
211,1781793060000,rl-qlearn,BTCUSDT,buy,63860.253606822,0.03131838486445262,2000.0,1.2,-1.79986,9992.426034,ALLOW_CAPPED,449f8106cddd2ebb78a2bf17292c2d461d69cf540edd4c35855c6ad6d4f17dcb
212,1781793120000,rl-qlearn,BTCUSDT,buy,63881.35993724399,0.03130803730485336,2000.0,1.2,-1.79986,9990.624756,ALLOW_CAPPED,dce21e1ac3100aabf4de648a54fe0fcea3d2712909299801db2879e1023c7f7b
213,1781793180000,rl-qlearn,BTCUSDT,sell,63833.86190644157,0.031250218915686495,1994.82215881,1.1968932952859999,-1.794963,9988.542377,ALLOW,46b8fcf5b2d00dba70f0b8024d1c8bea4876b2bb23e8952d93e73e67302d2f98
214,1781793420000,rl-qlearn,BTCUSDT,sell,63948.211059348,0.031275308048005795,2000.0,1.2,-1.80014,9986.741166,ALLOW_CAPPED,ad05591dc253cf915344495c58fe492e89bfb44e456ca32d51990cbc4d467f39
215,1781793480000,rl-qlearn,BTCUSDT,buy,63955.082048718,0.03127194799744754,2000.0,1.2,-1.79986,9985.926773,ALLOW_CAPPED,6d0ac24839a8399c318839209a4b80a18baed1be5c9282248952c04774c13977
216,1781794680000,rl-qlearn,BTCUSDT,buy,63879.1592772,0.03130911587801451,2000.0,1.2,-1.79986,9984.127879,ALLOW_CAPPED,cb338d806c9120e4912af1858ece4c69a52170d235cec97fb7ec57985fc0bd8c
217,1781794740000,rl-qlearn,BTCUSDT,buy,63799.235305602,0.03134833811753206,2000.0,1.2,-1.79986,9979.827437,ALLOW_CAPPED,049af41bd8d8bfa744c4091de1068d78a426450fd2c404b10dd179968d022af0
218,1781794800000,rl-qlearn,BTCUSDT,sell,63687.089414124,0.0314035390594637,2000.0,1.2,-1.80014,9973.397852,ALLOW_CAPPED,db4e6d2c40163601ce8b4248ca8ba1ccebbc8317bfcdf9a6541c0d72fb05b2c0
219,1781794860000,rl-qlearn,BTCUSDT,sell,63664.429500606595,0.031250546744018864,1989.54823004,1.193728938024,-1.789692,9970.898985,ALLOW,4756038a2e8faa421eee2fc486db59fc206df00564730c17e7d2f90ee5b29649
220,1781794920000,rl-qlearn,BTCUSDT,sell,63595.716832296006,0.031448658803140246,2000.0,1.2,-1.80014,9969.099488,ALLOW_CAPPED,e63f14f1987bda69df0e7c001b27f80798f05610dae64c21858e1698dc437db8
221,1781794980000,rl-qlearn,BTCUSDT,sell,63580.821301998,0.03145602650365812,2000.0,1.2,-1.80014,9967.768072,ALLOW_CAPPED,10ebcd9d6a60ef79d771b4ff1dd9350d5c503c3ae893b3aec8cc9235e104033f
222,1781795040000,rl-qlearn,BTCUSDT,buy,63661.393962846,0.03141621437267362,2000.0,1.2,-1.79986,9963.300656,ALLOW_CAPPED,34b520db6c49a74285f5ccfa4b1244fa48def5d4bcf1783661793f3a7df5f26c
223,1781795100000,rl-qlearn,BTCUSDT,buy,63573.167501081996,0.0314598136071474,2000.0,1.2,-1.79986,9964.278905,ALLOW_CAPPED,1d9ea2a8676d5e5f6977067d16f0dd3d90ef7eea3adcaa6c46c2b42c35d436fc
224,1781795160000,rl-qlearn,BTCUSDT,buy,63662.894412876,0.03141547393414608,2000.0,1.2,-1.79986,9962.475635,ALLOW_CAPPED,f12388a7f6770def18cff8e4d7dee4f303686536301f7ad899dc4903bf1019a1
225,1781795220000,rl-qlearn,BTCUSDT,sell,63601.415122410006,0.031445841199456245,2000.0,1.2,-1.80014,9959.9444,ALLOW_CAPPED,706dcfa21b390908273399e24a1a6ee2ad2711ec11cebcc0d26f701451a5610b
226,1781795280000,rl-qlearn,BTCUSDT,buy,63724.512894108,0.03138509671032607,2000.0,1.2,-1.79986,9958.138734,ALLOW_CAPPED,c0d4df7858ec9040db071c7856f7ba4abe0cdcaf9deeb320931b040f7c6f0afa
227,1781795340000,rl-qlearn,BTCUSDT,sell,63628.42856372896,0.03132610051014572,1993.23054849,1.195938329094,-1.793372,9954.532125,ALLOW,37cd3a187b103b187eeded11245fe070f029a43f8ec9d9c8970801052d550033
228,1781795400000,rl-qlearn,BTCUSDT,buy,63686.701553351995,0.03140373031133585,2000.0,1.2,-1.79986,9952.732076,ALLOW_CAPPED,9b121813521b34d0c89c3a94abceba8a8df0ed3a4ec75125789c9b9ff93c0aed
229,1781795460000,rl-qlearn,BTCUSDT,sell,63623.208582846004,0.03143506975753557,2000.0,1.2,-1.80014,9950.137659,ALLOW_CAPPED,269974fbf88f25d7d6eaa65ae2acdf6508f480766c36b27a6d5b2833d12eeed5
230,1781798100000,rl-qlearn,BTCUSDT,sell,62415.970838694,0.03204308085135359,2000.0,1.2,-1.80014,9948.3867,ALLOW_CAPPED,44ea1a3a0f75cf75db13cb97d9d540f6f39231578291660c3bdca1efc7b960bc
231,1781798160000,rl-qlearn,BTCUSDT,buy,62441.027938446,0.032030222211773776,2000.0,1.2,-1.79986,9946.984679,ALLOW_CAPPED,a555ae89d5011ab577dd9f927fd3d221337a46f98dc35893dfb6929b08cc3a70
232,1781798280000,rl-qlearn,BTCUSDT,sell,62311.80209661,0.032096648350807486,2000.0,1.2,-1.80014,9945.189458,ALLOW_CAPPED,26c1f9018f490d97f5b2d7f7ba507b6d8f0cff6a48be8b2454f89da83d8fa802
233,1781798340000,rl-qlearn,BTCUSDT,sell,62321.999036814,0.03209139679262514,2000.0,1.2,-1.80014,9943.061386,ALLOW_CAPPED,89b50ade601a237d6dff3a568618540b8c07267eeda9c2a43c38c7cb6cb53db3
234,1781798400000,rl-qlearn,BTCUSDT,buy,62538.657220397996,0.03198021973755567,2000.0,1.2,-1.79986,9929.749425,ALLOW_CAPPED,57234d877da47012e502662a92d7317ece0e57696f6072f9e651aaf76c380c76
235,1781798460000,rl-qlearn,BTCUSDT,buy,62541.057940446,0.03197899213512628,2000.0,1.2,-1.79986,9927.872138,ALLOW_CAPPED,79618b7b19ee8abdc9e39808010cf04e8f9567144cc822d33c90520023c99d48
236,1781798520000,rl-qlearn,BTCUSDT,sell,62561.727101610006,0.03196842690662437,2000.0,1.2,-1.80014,9926.055561,ALLOW_CAPPED,2f40514b70cf83af1bda7074124a4ae0a724f715a74080c3427ae437d81bff2a
237,1781798580000,rl-qlearn,BTCUSDT,buy,62558.96331080399,0.031969839238921625,2000.0,1.2,-1.79986,9925.55541,ALLOW_CAPPED,0b583dd03dc2903629cd79ac8aacc9accbfffedc99e6353f2871cb85ad23dfd8
238,1781798640000,rl-qlearn,BTCUSDT,sell,62516.540660706,0.03199153342240313,2000.0,1.2,-1.80014,9923.756647,ALLOW_CAPPED,fee32811d481a58e58458e37caca4a28fdfd884cf97a44e307e4148639f7e612
239,1781798700000,rl-qlearn,BTCUSDT,sell,62581.821072012,0.031958162382309536,2000.0,1.2,-1.80014,9919.84911,ALLOW_CAPPED,58f1d88f09a59303834ddd796cc9dee3c36945e799fc5306ccac936bf6d02db4
240,1781798760000,rl-qlearn,BTCUSDT,buy,62615.980411943994,0.03194072801930448,2000.0,1.2,-1.79986,9918.267635,ALLOW_CAPPED,5ee2c471f578a0697db0e5f862676348209c8411e840977431288a7759c843fd
241,1781798820000,rl-qlearn,BTCUSDT,sell,62594.417292264,0.03195173126481327,2000.0,1.2,-1.80014,9915.950855,ALLOW_CAPPED,a19663231257b6a080da2d16c4b86f28eb45db5c358e27109b6f9d459758092f
242,1781798880000,rl-qlearn,BTCUSDT,sell,62574.74798403228,0.01498708494022716,937.81306315,0.56268783789,-0.794269,9916.634146,ALLOW,4ee3de95a12afc038757baaf3cbbf21c586abfb26ed904cd4ca28cfc63f1b11f
243,1781798940000,rl-qlearn,BTCUSDT,buy,62684.901083321995,0.03190560989067465,2000.0,1.2,-1.79986,9908.820821,ALLOW_CAPPED,e39f742fee15af35f184afbd0abd1502ee5a3e3fd4302a7448bef352cfeea1a0
244,1781799000000,rl-qlearn,BTCUSDT,buy,62690.002613423996,0.031903013504927406,2000.0,1.2,-1.79986,9906.779612,ALLOW_CAPPED,2a019197169748de78adfe0666ef24d856817010b7959dfeca8299b6b80240a9
245,1781799060000,rl-qlearn,BTCUSDT,buy,62710.07035551952,0.0154163375298288,966.75961112,0.580055766672,-0.820094,9905.600229,ALLOW,784094ebd9490f35a00cdf173739cbc5f657f15b86404b7d4d031944fe0f06e7
246,1781800260000,rl-qlearn,BTCUSDT,buy,62528.554190195995,0.03198538693084935,2000.0,1.2,-1.79986,9903.801076,ALLOW_CAPPED,56bebd100a4ad3f3e4abcf2488f974d7d013598ad89e55259e8e5089b6063eef
247,1781800320000,rl-qlearn,BTCUSDT,sell,62474.45757048443,0.031991152754629715,1998.6299154,1.19917794924,-1.79877,9901.471412,ALLOW,5984460d90a5b241b057674cfb183864171a069dfcaf60bce980e59cf48d2f49
248,1781800440000,rl-qlearn,BTCUSDT,sell,62590.818372192,0.03195356846282369,2000.0,1.2,-1.80014,9899.670155,ALLOW_CAPPED,54abebc104c01ad00bd78cadc38c7219a38796d7407e68156a7c122815dad4dc
249,1781800500000,rl-qlearn,BTCUSDT,buy,62625.683322138,0.03193577928263508,2000.0,1.2,-1.79986,9897.956596,ALLOW_CAPPED,acd08800a8f1e6dc068a61a8cfc3b046bc84ca64e7f6a897c6d284625d5d937d
250,1781800620000,rl-qlearn,BTCUSDT,buy,62632.28530227,0.031932412977552865,2000.0,1.2,-1.79986,9896.156555,ALLOW_CAPPED,b342caeced64f24e18c8761a677fa9b331d4e25e72cf4e35a9ab927b0c464f86
251,1781800680000,rl-qlearn,BTCUSDT,sell,62640.2062559255,0.03191460164837644,1999.13722983,1.199482337898,-1.799277,9895.808957,ALLOW,21d0f70ce61ccbb9944044b3990256614c6e7b17bf7e3e7e69cc2750a7f8d0f8
252,1781800920000,rl-qlearn,BTCUSDT,buy,62695.904383541994,0.03190001037013529,2000.0,1.2,-1.79986,9894.008924,ALLOW_CAPPED,dca3f4ad3065831ff8f1bfc6c26c1ec4f5398bf3585eae84c0d2cbd74d1b9c5d
253,1781800980000,rl-qlearn,BTCUSDT,buy,62718.911284001995,0.03188830863060835,2000.0,1.2,-1.79986,9892.942544,ALLOW_CAPPED,4cae581d9e780e879db2312ffad82cf54bfcca718a78971234bc538a7af6e9b2
254,1781801040000,rl-qlearn,BTCUSDT,sell,62675.392993884,0.031910450089960574,2000.0,1.2,-1.80014,9890.766109,ALLOW_CAPPED,1150b9506f2e67900cf5c83c8ebd5361788e0482e3a411f8d1a26c3f300dcf2a
255,1781801100000,rl-qlearn,BTCUSDT,sell,62752.769775432,0.031871103174524885,2000.0,1.2,-1.80014,9891.432575,ALLOW_CAPPED,f421bd243f01bc4c572fc3bed2d4974aae1e233238f086f3fa276751d0362773
256,1781802960000,rl-qlearn,BTCUSDT,buy,62517.75094998,0.0319909140941456,2000.0,1.2,-1.79986,9889.63348,ALLOW_CAPPED,a930afecf1153769283e15631fc3aca9d802533ea11f42ef888ccc2cbaadf7d4
257,1781803020000,rl-qlearn,BTCUSDT,sell,62486.1516130013,0.031997705197994435,1999.41345827,1.1996480749620002,-1.799553,9888.022657,ALLOW,ca871198bfe76cbc94c1343163283bc7d53a8fea863581de3b50fab9d193b8e0
258,1781803080000,rl-qlearn,BTCUSDT,sell,62529.636730968,0.03198483318566112,2000.0,1.2,-1.80014,9886.222099,ALLOW_CAPPED,931dfd32ec11e0f7fd2fc0282159c6222903a7cd11857649061b691bd2b156d5
259,1781803140000,rl-qlearn,BTCUSDT,buy,62595.074141526,0.031951395975313435,2000.0,1.2,-1.79986,9883.529594,ALLOW_CAPPED,93ca0ba89eaad35009e8eb42e68cdf593e47911add39276b60017308a6c87e0a
260,1781803320000,rl-qlearn,BTCUSDT,buy,62450.830878641995,0.03202519441072792,2000.0,1.2,-1.79986,9881.73594,ALLOW_CAPPED,f36b323b40a10b96943137dcfcdc7eaad6daf50b37b51519210c2b172b5043ba
261,1781803380000,rl-qlearn,BTCUSDT,sell,62401.07530839601,0.032050729736878454,2000.0,1.2,-1.80014,9879.542419,ALLOW_CAPPED,64f49621ab3ec1bd246108f39200255fe4a1ba203dda9da6d15aa29d981983f8
262,1781803740000,rl-qlearn,BTCUSDT,buy,62568.366130992,0.03196503478791241,2000.0,1.2,-1.79986,9877.733659,ALLOW_CAPPED,088600a87221a3682f42fc654d499e6e16dbef6701ca3a8dbf314950fac2027a
263,1781803800000,rl-qlearn,BTCUSDT,sell,62627.007512916,0.031935104029799384,2000.0,1.2,-1.80014,9879.001959,ALLOW_CAPPED,51a7944268f7298f2e13ffba1e47230d3127587a33aa4a5ec07d05a476ea9839
264,1781803860000,rl-qlearn,BTCUSDT,buy,62678.29910319,0.031908970546684956,2000.0,1.2,-1.79986,9877.201569,ALLOW_CAPPED,f495298c2c7ee91221371e99573157389a2038d6b58b2411e42cb5c4738e76e2
265,1781803920000,rl-qlearn,BTCUSDT,sell,62682.29623799422,0.03187989166307453,1998.30481326,1.198982887956,-1.798445,9876.72893,ALLOW,281dec23126d91d327bb7432c5efa6072524d311c80c913ec75f85ad82f310b3
266,1781803980000,rl-qlearn,BTCUSDT,buy,62718.911284001995,0.03188830863060835,2000.0,1.2,-1.79986,9874.92908,ALLOW_CAPPED,d9d54418bc792ee7392203fa3ff0c854af1dafbd6346c930b538a4de35c9c294
267,1781804040000,rl-qlearn,BTCUSDT,buy,62724.81305411999,0.03188530826348366,2000.0,1.2,-1.79986,9873.317304,ALLOW_CAPPED,e7ee14426aeb9f10d40e60f2f28bc0a26400282475fcd343ec0beeefe5c46380
268,1781804100000,rl-qlearn,BTCUSDT,sell,62604.314322462,0.03194668005943504,2000.0,1.2,-1.80014,9866.231124,ALLOW_CAPPED,8de1370fd38011b49e7fa4dc99e68d6e85c7de33e8917f7d1d239b50d8603fef
269,1781804160000,rl-qlearn,BTCUSDT,sell,62626.407692904,0.03193540989620922,2000.0,1.2,-1.80014,9865.134148,ALLOW_CAPPED,f7937a87c585e2d534bcf3f039c7a06e102f79f041586db272aa616a793fad86
270,1781804220000,rl-qlearn,BTCUSDT,buy,62635.686322338,0.03193067909733644,2000.0,1.2,-1.79986,9863.337629,ALLOW_CAPPED,706040019b332beb3edb865fbf5ea4810c6a1eac742194071031aa15f4cb57f6
271,1781804280000,rl-qlearn,BTCUSDT,sell,62523.57096698461,0.031822174935283554,1989.63601289,1.1937816077340002,-1.78978,9859.174625,ALLOW,5ff0188c976e62836dd0dc503a3e0572f0f0869bf781c93b743d3a946f0c1476
272,1781804520000,rl-qlearn,BTCUSDT,buy,62582.77045128,0.03195767757768055,2000.0,1.2,-1.79986,9857.374558,ALLOW_CAPPED,f7fb0908da96f5ec29216d73b279f165ba90c0f722f9f8ce6617f4fa6de87ee7
273,1781804580000,rl-qlearn,BTCUSDT,sell,62548.43451289993,0.03195773298335305,1998.90616869,1.1993437012139998,-1.799046,9855.677746,ALLOW,279c328ed6f46d1ffae58ec402d3e856a32fca7f7f2f55cc9d9f5c806f1e06ab
274,1781805180000,rl-qlearn,BTCUSDT,sell,62615.51096268601,0.03194096748953858,2000.0,1.2,-1.80014,9853.876963,ALLOW_CAPPED,fc19100417a8a5361f2b7c2c5123b857ba43bba63f01f8cec70a6735c021bd98
275,1781805240000,rl-qlearn,BTCUSDT,buy,62592.57109941002,0.03194097066271247,1999.26747719,1.199560486314,-1.799128,9854.010844,ALLOW,0426bc6a0581cf173d062573a6f9f5790714334fe9bc62ff529a2296be43c7d8
276,1781806020000,rl-qlearn,BTCUSDT,buy,62671.997213063994,0.03191217910609524,2000.0,1.2,-1.79986,9852.210223,ALLOW_CAPPED,21b7d934a63f50b4f26ad98ffff55467d35662bb07bb2c5dc3ec3fac644b815d
277,1781806080000,rl-qlearn,BTCUSDT,sell,62651.60013340801,0.03192256854958651,2000.0,1.2,-1.80014,9850.958808,ALLOW_CAPPED,8de8f426051167ac465cd9793327090ed922a3e092ce64a7f3f547847edb2406
278,1781806500000,rl-qlearn,BTCUSDT,sell,62610.912342594005,0.031943313476353964,2000.0,1.2,-1.80014,9849.15948,ALLOW_CAPPED,2e36b9117814fe92fdba45d6edec309be2039536046343ba201218ce56a2663d
279,1781806560000,rl-qlearn,BTCUSDT,buy,62627.583892176,0.03193481012205962,2000.0,1.2,-1.79986,9848.027653,ALLOW_CAPPED,70282feb42d2a3d57e97b3e7f6b82329bf2f4867726eba5ec9248a1f1be8270c
280,1781807220000,rl-qlearn,BTCUSDT,buy,62933.475638291995,0.031779589156888964,2000.0,1.2,-1.79986,9846.219085,ALLOW_CAPPED,0f6a3be8510cf9a146295394bb9ca738dae9307e1f82043580b99d6627e95998
281,1781807280000,rl-qlearn,BTCUSDT,sell,62838.25737928185,0.03176063545848777,1995.78298547,1.197469791282,-1.795923,9842.597473,ALLOW,927bcdbcd5990b7d42ca9ce466f3a50c4fa02eff96506bdf71af45516d5b9df2
282,1781808360000,rl-qlearn,BTCUSDT,sell,62719.779674772,0.03188786711896673,2000.0,1.2,-1.80014,9840.798461,ALLOW_CAPPED,950d8f3a820256cde92b65c63020ed2336e9b32dce204efd9fcc460ef40c3c67
283,1781808420000,rl-qlearn,BTCUSDT,buy,62736.41653435199,0.031879410882591275,2000.0,1.2,-1.79986,9839.668446,ALLOW_CAPPED,037b21df3d88007af9f8927a5bff43ee152a71c655893ea6707e89824a91db6b
284,1781808480000,rl-qlearn,BTCUSDT,buy,62770.226675027996,0.031862239567085456,2000.0,1.2,-1.79986,9837.867979,ALLOW_CAPPED,0fab904ae0720b661648883c9fb04c8370cb343ca8817902fcea7ec345f394ea
285,1781808540000,rl-qlearn,BTCUSDT,sell,62736.07985673374,0.031853815404526024,1998.38350696,1.199030104176,-1.798523,9836.18091,ALLOW,169a8caaf5b7f0aaae3fc311922d15e371c3266b87a73c1d6dec758eb068e1b3
286,1781809080000,rl-qlearn,BTCUSDT,buy,62694.50396351399,0.031900722927227086,2000.0,1.2,-1.79986,9834.381807,ALLOW_CAPPED,637453f059eb54c7f52afcc2d06fb9c9af958fefd753535af2a8aafc604e918f
287,1781809140000,rl-qlearn,BTCUSDT,buy,62696.504563553994,0.031899704998269024,2000.0,1.2,-1.79986,9832.645729,ALLOW_CAPPED,e642cfdc65fe6a70b9be07575abee92b49f7d36a7b17f8eb5b1f1013f9362b1c
288,1781809200000,rl-qlearn,BTCUSDT,sell,62664.696203670006,0.031915897166399546,2000.0,1.2,-1.80014,9831.215576,ALLOW_CAPPED,92fb813b396e3b2c1ccd0221d628019cccdd1db8e05f3a6c7ca991791e22bc79
289,1781809260000,rl-qlearn,BTCUSDT,sell,62676.392693903996,0.03190994111239786,2000.0,1.2,-1.80014,9829.788373,ALLOW_CAPPED,cfade994f11fd05d4b05756ab1bad467ca1ce69732c4285c2d9ee3af41b97ca1
290,1781810880000,rl-qlearn,BTCUSDT,sell,62722.578834828004,0.03188644403902377,2000.0,1.2,-1.80014,9827.986618,ALLOW_CAPPED,988ccba8fd179c34096188d2fa6feea49a8ac81b908f129c60a058d009647d59
291,1781810940000,rl-qlearn,BTCUSDT,buy,62767.725924978,0.031863509001273424,2000.0,1.2,-1.79986,9825.947347,ALLOW_CAPPED,aebb630256beff963a93c77eb937c3e9e680c540bc72f140d9b7b1acb622adca
292,1781811540000,rl-qlearn,BTCUSDT,sell,62839.64370717,0.031827042325699884,2000.0,1.2,-1.80014,9824.140862,ALLOW_CAPPED,3b3cd80c6181754d646682b9ff24132f852d8f4dd128ca0e27ce7a73a06b0169
293,1781811600000,rl-qlearn,BTCUSDT,buy,62872.057217064,0.031810633984745505,2000.0,1.2,-1.79986,9822.509992,ALLOW_CAPPED,b8b8017a5d9433d5cad29ff553e4be677f70a4a02cad000d9c54b19f4656ece7
294,1781812680000,rl-qlearn,BTCUSDT,buy,62960.983888842,0.031765704353207254,2000.0,1.2,-1.79986,9820.703526,ALLOW_CAPPED,cfb5ff09fef73c36210ef23fff5452e28e9f2b602cedf41afd4fdc21af9c7466
295,1781812740000,rl-qlearn,BTCUSDT,buy,62934.275878308,0.03177918506391132,2000.0,1.2,-1.79986,9818.057505,ALLOW_CAPPED,c54c579befd1368739b4dc0cf3a89a35d86aac568809ffda0885b5ee6fdc450e
296,1781812800000,rl-qlearn,BTCUSDT,sell,63042.58281123001,0.03172458853706312,2000.0,1.2,-1.80014,9825.530418,ALLOW_CAPPED,71c35ebfc8b3921f2886062f91cea2a7d3b824c09a56187f96fe9661a42b28db
297,1781812860000,rl-qlearn,BTCUSDT,sell,63135.05506308,0.031678122368021124,2000.0,1.2,-1.80014,9826.666782,ALLOW_CAPPED,7e0bbe31cbf56ec33f88b56957bc6d04957d3f30dc3b521879c85e80f75bfc9b
298,1781813820000,rl-qlearn,BTCUSDT,buy,63116.730601956,0.03168731936723636,2000.0,1.2,-1.79986,9824.863108,ALLOW_CAPPED,2c41ada49614c6d975defbf7e567c7133bc64dd603fc8d7d8550db9e4f3be1ea
299,1781813880000,rl-qlearn,BTCUSDT,buy,63137.536842372,0.031676877179943885,2000.0,1.2,-1.79986,9823.723756,ALLOW_CAPPED,44c04a577ab9678c81f2f160b427b61611b26b8b35e2e8c3c7c9542115a94181
300,1781813940000,rl-qlearn,BTCUSDT,sell,63140.953293198,0.03167516319737691,2000.0,1.2,-1.80014,9824.54336,ALLOW_CAPPED,51ff74843308f5c84f95e4b4db4d7b56041fe303457419f626a1f21bcebfd5d1
301,1781814000000,rl-qlearn,BTCUSDT,sell,63158.54801355,0.03166633912437191,2000.0,1.2,-1.80014,9823.302141,ALLOW_CAPPED,3fa74341252efb9e5376ab8a3ccaf341de60f29870a720d2d1f690fdcd005a72
302,1781814120000,rl-qlearn,BTCUSDT,buy,63098.925261599994,0.03169626093801532,2000.0,1.2,-1.79986,9821.493451,ALLOW_CAPPED,9a9b4fe0681ce5a2009397c8dbc6f41b3f4d5c13fec38c55a89ab29f11b54dc4
303,1781814180000,rl-qlearn,BTCUSDT,buy,63118.43111199,0.03168646566090074,2000.0,1.2,-1.79986,9820.313434,ALLOW_CAPPED,3f47737da481aa9f569ee0a7c1f7afc2152994013847c4992816a65ddbdce3a9
304,1781814240000,rl-qlearn,BTCUSDT,buy,63084.47171577112,0.014361563619680785,905.99165396,0.5435949923760001,-0.765793,9817.611706,ALLOW,6c4d602defa653affa1616d9ed4d675bce7e3a2ad515bfc5967b17877917180d
305,1781814420000,rl-qlearn,BTCUSDT,sell,63092.867722236006,0.031699304092578665,2000.0,1.2,-1.80014,9819.142898,ALLOW_CAPPED,b37f1eb27f3d64e7672fe690e32f58878de93c617e116e10be0d200efd3e03c5
306,1781814480000,rl-qlearn,BTCUSDT,buy,63130.0279328714,0.031647219532112886,1997.88985306,1.1987339118359999,-1.79775,9817.312852,ALLOW,e39b94588c0c033db08429980f12825f41e90730da15b2228eed44157f1f6e99
307,1781814540000,rl-qlearn,BTCUSDT,sell,63064.176331662,0.03171372586366247,2000.0,1.2,-1.80014,9813.334795,ALLOW_CAPPED,7da548c652fa5dc0c6980bda20c7a439b480a16471812528e29d4df4fa82bfb8
308,1781814600000,rl-qlearn,BTCUSDT,buy,63109.028291801995,0.03169118673088181,2000.0,1.2,-1.79986,9811.857418,ALLOW_CAPPED,4803cbff181fffd1bbd3d97f61ef043d9335d8d9b5014cc3b65d548655587cc4
309,1781814780000,rl-qlearn,BTCUSDT,sell,63058.777951554,0.03171644083455811,2000.0,1.2,-1.80014,9809.093051,ALLOW_CAPPED,f694393c25d45bddc85f9b797b6712f27ca5faa8d7c88a904e6ea6387e2a21d9
310,1781814840000,rl-qlearn,BTCUSDT,sell,63090.868322196,0.03170030866885977,2000.0,1.2,-1.80014,9808.770917,ALLOW_CAPPED,e7ce0623e3d35d867a1d76875d63c747862b7d402b53af31e194f1af851f1d1f
311,1781814900000,rl-qlearn,BTCUSDT,sell,63073.37357184601,0.03170910142806659,2000.0,1.2,-1.80014,9806.719766,ALLOW_CAPPED,1c1d7ea1571739e5e4af52d7e5a56eb24610d8416851afa89380d985e6e90ca9
312,1781814960000,rl-qlearn,BTCUSDT,buy,63084.06822644922,0.017361195114249307,1095.21481708,0.657128890248,-0.936093,9806.205658,ALLOW,6e3027b6caabc7805fc67ec465ac0b707f0e67d95479e8b313c8ae588d68767c
313,1781818920000,rl-qlearn,BTCUSDT,buy,62898.36510759,0.03179732885869013,2000.0,1.2,-1.79986,9804.406632,ALLOW_CAPPED,4c91b13a58df0124be7ba8d9adfda7c5818261950fc22f2f1cf6113dce579126
314,1781818980000,rl-qlearn,BTCUSDT,buy,62898.8652576,0.031797076017334704,2000.0,1.2,-1.79986,9802.622668,ALLOW_CAPPED,f595181f1be7fb61e548fdf919d09c71c6b49cb4e24d82461b2ea5916cfbf28e
315,1781819040000,rl-qlearn,BTCUSDT,buy,62897.615551235474,0.014351948489441083,902.7033385,0.5416220031,-0.762865,9801.999701,ALLOW,c5aebd682c6b431cca4fe8ba12de615cb463255fa26c3ce60a4c1e648ef5f057
316,1781819100000,rl-qlearn,BTCUSDT,sell,62873.833447854,0.03180973531157044,2000.0,1.2,-1.80014,9801.017951,ALLOW_CAPPED,3120053dec2361727d50e0e4f56ca1a7d95b7f2e1f975b26daa4a4386a097804
317,1781819160000,rl-qlearn,BTCUSDT,buy,62910.16601549274,0.03177805916960497,1999.16297801,1.199497786806,-1.799023,9799.154343,ALLOW,0eb91986430307a31e00fe8229d85bec86771d7d5c55b8541741a811ee23da32
318,1781819520000,rl-qlearn,BTCUSDT,sell,62856.238727502,0.03181863949369474,2000.0,1.2,-1.80014,9796.092057,ALLOW_CAPPED,891b2679c4edde96d589424808a99d4948e043535f5826ab24d610bd505e93f2
319,1781819580000,rl-qlearn,BTCUSDT,sell,62835.744877092,0.03182901712889759,2000.0,1.2,-1.80014,9793.347039,ALLOW_CAPPED,8eed1b783e6d762c9d95182246023bcad81e957066808f994667b3485b14cd24
320,1781819640000,rl-qlearn,BTCUSDT,buy,62894.06381750399,0.03179950346034695,2000.0,1.2,-1.79986,9791.840988,ALLOW_CAPPED,4166b4dbfb992864f4c486c133b0bc6988358c624defd7937ae8cc6cb5240eec
321,1781819700000,rl-qlearn,BTCUSDT,sell,62908.822948554,0.03179204293228588,2000.0,1.2,-1.80014,9792.459108,ALLOW_CAPPED,b054e521554da20ad576ca0c173a0d5eafcefe2a3d09fb19886b5b2dd3d4d612
322,1781819760000,rl-qlearn,BTCUSDT,sell,62921.219228802,0.031785779495584,2000.0,1.2,-1.80014,9790.835917,ALLOW_CAPPED,6a95b1fed3442bf47b53dc5df37b89bf0138142bf9fb0f0ef3e8eef8c3675ade
323,1781819820000,rl-qlearn,BTCUSDT,buy,62961.96018409044,0.017511253718536488,1102.5428594,0.66152571564,-0.94276,9789.791566,ALLOW,10cd3459d8b9075c47e2566ddc45fe75f6a53152beab985928d9ea9b1b2a717f
324,1781820780000,rl-qlearn,BTCUSDT,sell,62874.933117876004,0.03180917896565331,2000.0,1.2,-1.80014,9787.991659,ALLOW_CAPPED,c356a11dfc530d55f81566edf92edea3ef1d9b192841421dd8849f669c493887
325,1781820840000,rl-qlearn,BTCUSDT,buy,62902.466337672,0.03179525567826916,2000.0,1.2,-1.79986,9786.516298,ALLOW_CAPPED,f9ab8d23a33c6f23ac6ed610d48a9e32a03d1fa42956402ca4e00f7066ac911d
326,1781821920000,rl-qlearn,BTCUSDT,buy,62741.31800445,0.031876920402885825,2000.0,1.2,-1.79986,9784.719401,ALLOW_CAPPED,6a3d0e87f42abb0364be8cb0505bb83dd711057fdaf774d1f1c65136492864aa
327,1781821980000,rl-qlearn,BTCUSDT,buy,62740.917884442,0.031877123692765484,2000.0,1.2,-1.79986,9782.906797,ALLOW_CAPPED,f1d7015eb86fbe6a5553d552417d72f44247ec862216774cf3fc33f796789862
328,1781822040000,rl-qlearn,BTCUSDT,buy,62736.548308745536,0.014247645216965128,893.84808244,0.536308849464,-0.754986,9782.094449,ALLOW,979efe5c58fd5bf0da70dfd499e9c7130dc5d49abb854dc79773dbd72389d154
329,1781822820000,rl-qlearn,BTCUSDT,sell,62747.071485318,0.03187399750549273,2000.0,1.2,-1.80014,9783.780163,ALLOW_CAPPED,f27c48dced785847f198879c7375f22cf3f36560466704001d41a199263dd4e2
330,1781822880000,rl-qlearn,BTCUSDT,sell,62781.761076012,0.031856385767492765,2000.0,1.2,-1.80014,9783.580015,ALLOW_CAPPED,7c9e9331a3af6896993cd7289199a95c9b1140803633bc1f815fcd39c856e9a4
331,1781822940000,rl-qlearn,BTCUSDT,sell,62814.251326662,0.031839908265388885,2000.0,1.2,-1.80014,9782.243095,ALLOW_CAPPED,0240aefd3100df26afa15d03a75362d7163a578d29d27629115d0c840585fcbe
332,1781823000000,rl-qlearn,BTCUSDT,buy,62839.33622356719,0.01758250528505153,1104.87296126,0.662923776756,-0.944881,9781.470567,ALLOW,b340f1ed074d66e6cb972df0612207acab632657833adb4c1328a56c6f6d5b83
333,1781824380000,rl-qlearn,BTCUSDT,buy,62772.52736507399,0.031861071776963054,2000.0,1.2,-1.79986,9779.671019,ALLOW_CAPPED,195276f24976d68ffed15a6d200f94568afcfb3f5afbc1c099f382f291ae69d4
334,1781824440000,rl-qlearn,BTCUSDT,buy,62741.518064453994,0.031876818758918325,2000.0,1.2,-1.79986,9776.883605,ALLOW_CAPPED,5345d466a118036436992d2d0052a516e29e41440691841733ca3a89c5f80426
335,1781824500000,rl-qlearn,BTCUSDT,buy,62743.44024378029,0.014196522180154094,890.73864108,0.534443184648,-0.752221,9776.475544,ALLOW,8d11fb6aa62d94f05d689ebc23a96b2d7f0fd4b8eacc175ae7123959c4d1ba91
336,1781825040000,rl-qlearn,BTCUSDT,sell,62781.161256,0.03185669012786634,2000.0,1.2,-1.80014,9780.278566,ALLOW_CAPPED,1e963977a4350b9282f50b8ffe3d04fdf7354fde306de591b4f5397f8150e766
337,1781825100000,rl-qlearn,BTCUSDT,sell,62773.263625842,0.03186069808192442,2000.0,1.2,-1.80014,9778.114447,ALLOW_CAPPED,77e458c8dd9f67b34c3fcb474a7837a88111c8ba011f07e8e20ae0ffcd86814f
338,1781825160000,rl-qlearn,BTCUSDT,buy,62810.83885584,0.031841638106287526,2000.0,1.2,-1.79986,9776.313166,ALLOW_CAPPED,9b04aab841cfd5f1840dc8ff93fad5d350f1c64b613736fbf72920c10349cb87
339,1781825220000,rl-qlearn,BTCUSDT,buy,62835.33288379479,0.03176172706335269,1995.75869299,1.1974552157940002,-1.79562,9775.645873,ALLOW,4955e4804a4504ec317271fdb91fcaeaa6d6c01b3b5a259c6160555db2f97f52
340,1781825280000,rl-qlearn,BTCUSDT,sell,62799.355796364005,0.03184746044983788,2000.0,1.2,-1.80014,9773.97802,ALLOW_CAPPED,6f02933de585e075c1d589e3aa3968b9f3d18db6d96f5ad217bd0d5a67e7d3ae
341,1781825340000,rl-qlearn,BTCUSDT,buy,62868.051685519844,0.03179073817187077,1998.62177051,1.199173062306,-1.798482,9773.60456,ALLOW,e33aae20482c270fe35f35f46bb4586fbe72ab4624daf2b4327b70c0a9c5b94a
342,1781825400000,rl-qlearn,BTCUSDT,sell,62848.241127342,0.03182268849732223,2000.0,1.2,-1.80014,9773.196309,ALLOW_CAPPED,01d2ed663bca96cc880ea59f3ac500199478495080ce2c0df87e904db05b0ac5
343,1781825460000,rl-qlearn,BTCUSDT,sell,62846.541637308,0.03182354904335304,2000.0,1.2,-1.80014,9771.318077,ALLOW_CAPPED,2e586d1ffd218db5ae407963586d3584175a963cdfcbafd7b2ddce0f2f2ad988
344,1781825520000,rl-qlearn,BTCUSDT,buy,62914.36990791,0.03178923992924782,2000.0,1.2,-1.79986,9769.943016,ALLOW_CAPPED,03a470d8de4dbe217a5ee448e1df46be0946f378199ed9f8dde26ac361808307
345,1781825580000,rl-qlearn,BTCUSDT,sell,62863.836447654,0.03181479389450526,2000.0,1.2,-1.80014,9767.555328,ALLOW_CAPPED,e236cc58729b98f6f9667a18b4f3e9a5c09860d03196e751f70c635bd7eee9cd
346,1781825640000,rl-qlearn,BTCUSDT,sell,62859.04152104301,0.014090829796593169,885.73605525,0.53144163315,-0.747855,9766.690548,ALLOW,1f43c13973d5a846325848184a87624784dea6525786ae97ebb1d2b8862cd9cb
347,1781825700000,rl-qlearn,BTCUSDT,sell,62839.94361717601,0.03182689042791154,2000.0,1.2,-1.80014,9764.890461,ALLOW_CAPPED,6ca4c8f39364766f030d313a3b40ffc62ad95b613b26e017ecc98d7d389d7bc4
348,1781825760000,rl-qlearn,BTCUSDT,buy,62888.462137391994,0.03180233594567178,2000.0,1.2,-1.79986,9762.746834,ALLOW_CAPPED,2a73cf9bce539ec8faca7e630d0ad8ec1b8143d71431c0fdf42a6e1dcdad64ee
349,1781826840000,rl-qlearn,BTCUSDT,buy,62933.37560828999,0.03177963966923374,2000.0,1.2,-1.79986,9760.945717,ALLOW_CAPPED,245821391fd67acc150089a7c553ed4af9618685d47bdb9bb4e30043f0ce9d9a
350,1781826900000,rl-qlearn,BTCUSDT,sell,62930.82026277369,0.0317611689273078,1998.7564131,1.1992538478599999,-1.798896,9760.264478,ALLOW,0a2b0de9b5cc6e70454d0703c4f6d958f0f52eac6e3c4c64f533ab58862546e9
351,1781829660000,rl-qlearn,BTCUSDT,buy,63038.307080388,0.0317267403366266,2000.0,1.2,-1.79986,9758.463954,ALLOW_CAPPED,4ccb6ed85331597b5165fa6bc61d3dd4bf0a474a68f0a5a16447fedae3272839
352,1781829720000,rl-qlearn,BTCUSDT,sell,62995.901060974866,0.0317267298452556,1998.65393432,1.1991923605919999,-1.798794,9756.519261,ALLOW,8a932bdbcbd8287f44312f7959fd0b3a1ad03628b3b5604c2cd08474aef00db9
353,1781830620000,rl-qlearn,BTCUSDT,buy,62994.293879508,0.03174890735064813,2000.0,1.2,-1.79986,9754.719776,ALLOW_CAPPED,67ac5182732d3f67409292932b224ab0139fcaa27cdcd417047bf6d307f2f953
354,1781830680000,rl-qlearn,BTCUSDT,sell,62940.019011873235,0.0317489134058418,1998.27721337,1.198966328022,-1.798417,9752.397659,ALLOW,a4e64e25a2dc6c691f0a48cab3397ed5ce4d620754413e87aff85b62940fbaf8
355,1781832180000,rl-qlearn,BTCUSDT,sell,63011.991990618,0.031739990068839354,2000.0,1.2,-1.80014,9750.596833,ALLOW_CAPPED,c0fad30b66a7bf76663d0115ac77b6fbfa5e50efb6d0c1631b4bbb5b53384e42
356,1781832240000,rl-qlearn,BTCUSDT,buy,63003.59583017832,0.03173998916490637,1999.733449,1.1998400694,-1.799594,9750.264067,ALLOW,26ac8d55bb5ac8a6bc85e5be3f140b29ecedee9ece3ce99a79e9e42b26233575
357,1781834760000,rl-qlearn,BTCUSDT,buy,63055.312180728,0.031718184096331745,2000.0,1.2,-1.79986,9748.463715,ALLOW_CAPPED,c94e30ad4fc0f539408ded55f57b24173a8dff34139958006a3c2d8075144b6f
358,1781834820000,rl-qlearn,BTCUSDT,sell,62973.311793140136,0.03171817257969879,1997.39837137,1.1984390228219999,-1.797538,9745.264653,ALLOW,bc4bd9f7d191317d1e06bc1d871378802f430dfb41baa9f7a557400dbf583824
359,1781836020000,rl-qlearn,BTCUSDT,sell,62926.517638908,0.0317831031343038,2000.0,1.2,-1.80014,9743.464959,ALLOW_CAPPED,75c5e88f1f59e0d00d8992340e027cf940cf508cc63490bbbbc794bbe0a7f267
360,1781836080000,rl-qlearn,BTCUSDT,buy,62958.783228798,0.03176681469099897,2000.0,1.2,-1.79986,9741.839958,ALLOW_CAPPED,54d4d687198f3e8aa97b8031e1fa6763d0d8c80445f20cfdb3f4c59aa2ec5870
361,1781837520000,rl-qlearn,BTCUSDT,buy,62971.186949045994,0.03176055743745672,2000.0,1.2,-1.79986,9740.039778,ALLOW_CAPPED,1a40d74c04e2361e81eb583bb8277fb34a4d40f5117224639d46d801aabd7827
362,1781837580000,rl-qlearn,BTCUSDT,sell,62920.127884925576,0.03174427675104149,1997.35395279,1.198412371674,-1.797494,9737.820212,ALLOW,bf8c6555fb7527ab2b173fc9a64014cbd253f1c1947eb622f26162d47150cbdf
363,1781838240000,rl-qlearn,BTCUSDT,buy,62958.08301878399,0.03176716799657458,2000.0,1.2,-1.79986,9736.02035,ALLOW_CAPPED,08f935c7ae6ce985849e7a6b06dd02b018d773c8e05fa224d62e3768f36cfb7e
364,1781838300000,rl-qlearn,BTCUSDT,buy,62935.176148326,0.0317787304715949,2000.0,1.2,-1.79986,9733.49324,ALLOW_CAPPED,70fb1192149d01ed701dadbd962937003bc212f2ece27b0d8ffecb6b3917cd55
365,1781838360000,rl-qlearn,BTCUSDT,buy,62928.518288673826,0.013815217306435031,869.37115493,0.521622692958,-0.733248,9732.563029,ALLOW,a0aef37564169254c4f4f2d98f4c07b4401a5ba97a7676477aa96642835a4551
366,1781838720000,rl-qlearn,BTCUSDT,sell,62748.071185338005,0.03187348969010746,2000.0,1.2,-1.80014,9719.44635,ALLOW_CAPPED,6e75a85830f63b2c9644501a8387aa0909b82f21d9f36bfc19a89ca066e1f5f4
367,1781838780000,rl-qlearn,BTCUSDT,sell,62689.788674172,0.03190312237922719,2000.0,1.2,-1.80014,9714.994836,ALLOW_CAPPED,2bc546a8f5b0e09b7fd07945fc354621176ecae71c68b4c32778fe904d785663
368,1781838840000,rl-qlearn,BTCUSDT,sell,62688.79139324911,0.013578278614279769,851.20587553,0.510723525318,-0.71723,9714.215161,ALLOW,7105ed24508a83cc5b526490510e4c46b33a592546c0c02903e7035e31019391
369,1781839860000,rl-qlearn,BTCUSDT,buy,62800.235675628,0.03184701424259424,2000.0,1.2,-1.79986,9712.415046,ALLOW_CAPPED,dddac8eb60110c2b1cae5bc3126719198621e696e7ba4747b99fd31fb14485fc
370,1781839920000,rl-qlearn,BTCUSDT,sell,62735.18032318943,0.03185327355584791,1998.32086041,1.198992516246,-1.798461,9709.744067,ALLOW,dfe6c3a028a8b3187eb658266db1c944f5440e1a6e9899b20e8df3ee30cd82e8
371,1781840040000,rl-qlearn,BTCUSDT,buy,62720.211674028,0.0318876474842668,2000.0,1.2,-1.79986,9707.94471,ALLOW_CAPPED,43e088b0ca6bb0983bba9b8dd13426ec3359e9b76d688dcae50b1a29d3c3db56
372,1781840100000,rl-qlearn,BTCUSDT,sell,62676.59699109859,0.03188765825693832,1998.60990556,1.199165943336,-1.79875,9705.954691,ALLOW,bdb2a43d7aa4c10e2171a28717249067b95787040c768be7f47d364a9c206957
373,1781840460000,rl-qlearn,BTCUSDT,buy,62663.194572888,0.03191666198367302,2000.0,1.2,-1.79986,9704.155319,ALLOW_CAPPED,90cf5765552b384784188cabd69aa5b72bf4f2440b4157951e37c13ab4192651
374,1781840520000,rl-qlearn,BTCUSDT,sell,62611.31740543758,0.03191667026154046,1998.34477227,1.199006863362,-1.798485,9701.900563,ALLOW,eacbb2fd888279f02434938cd869f46c6481123a6e8d975d7f034d73a4fb8260
375,1781840820000,rl-qlearn,BTCUSDT,buy,62680.699823238,0.031907748408043904,2000.0,1.2,-1.79986,9700.100398,ALLOW_CAPPED,5c4fb48797d7161443760f45cf41bbf277ac9e6a2b4dda37f72f946a6d8e60df
376,1781840880000,rl-qlearn,BTCUSDT,sell,62603.9221131267,0.03190774446336417,1997.54994919,1.198529969514,-1.79769,9697.0523,ALLOW,14b8eecde8ff6c77521ac8d7bbbc45ce9dd8d70d15135209f038a9fdf23462a8
377,1781841060000,rl-qlearn,BTCUSDT,buy,62756.32250475,0.03186929890368609,2000.0,1.2,-1.79986,9695.251341,ALLOW_CAPPED,b733a1840b3dc645377d48f88b0425f4d1b497994690ce140d449378fbe354d0
378,1781841120000,rl-qlearn,BTCUSDT,sell,62723.781729718605,0.03186928962309186,1998.9623662,1.19937741972,-1.799102,9693.614724,ALLOW,6f5c15b87b430c5f91492c8cab848780bf75ff7cfac297124b6ff29e212e4dac
379,1781842140000,rl-qlearn,BTCUSDT,sell,62745.371995284,0.031874860828784664,2000.0,1.2,-1.80014,9691.814377,ALLOW_CAPPED,d807fb5789c21b2b2d03851b892dee72739959b5bccab577f979088d2a5884af
380,1781842200000,rl-qlearn,BTCUSDT,buy,62859.45343681199,0.031817012249564874,2000.0,1.2,-1.79986,9687.578548,ALLOW_CAPPED,36a8cb6c482f8d7f4d102a5e956560ef4641587728052b7b64061819e39b6baf
381,1781843160000,rl-qlearn,BTCUSDT,buy,62733.91578430199,0.031880681685431525,2000.0,1.2,-1.79986,9685.787147,ALLOW_CAPPED,90ec1b5253624fae733bdd1ac46501bdd293d3de667b029e89039a3860680806
382,1781843220000,rl-qlearn,BTCUSDT,sell,62700.00038189826,0.03182281332467182,1995.29040761,1.197174244566,-1.795431,9684.109425,ALLOW,4c3019e1894603689751f4843c2bf9dea5103f3ba50c4d6763e5fd8ee8c83a5c
383,1781844900000,rl-qlearn,BTCUSDT,buy,62436.126468348,0.032032736704348565,2000.0,1.2,-1.79986,9682.31244,ALLOW_CAPPED,8f6677dcbdf8b6658a1eb57810b226de4af30170206e56a18b70698a9de89c01
384,1781844960000,rl-qlearn,BTCUSDT,sell,62372.39027312969,0.03203280392720064,1997.96254809,1.1987775288540001,-1.798103,9679.672128,ALLOW,85cd8cfe2850955ad14f36ad6017e9135e4ebab1fa0c5b31597cbfa300b80c05
385,1781845080000,rl-qlearn,BTCUSDT,sell,62393.777498250005,0.03205447851039465,2000.0,1.2,-1.80014,9677.871782,ALLOW_CAPPED,8b588798b3f0ff8206b4a47490594f5756ca71623056b103c3c4e55065c3c99d
386,1781845140000,rl-qlearn,BTCUSDT,buy,62439.527488415995,0.032030991912471586,2000.0,1.2,-1.79986,9675.80579,ALLOW_CAPPED,cdf99f5b5ac9f198d3b4cf2993891d027587f32ce1aa0e7859ecadf654d96f77
387,1781846100000,rl-qlearn,BTCUSDT,buy,62606.077441746005,0.0319457803734944,2000.0,1.2,-1.79986,9674.00042,ALLOW_CAPPED,4773d63f0073b61241760cd466a11c03287bd5d5d047893048155b64a1b76955
388,1781846160000,rl-qlearn,BTCUSDT,sell,62588.12558475548,0.031922260613068104,1997.9544562,1.19877267372,-1.798094,9672.827814,ALLOW,e77b043c3a887d9c917e3b6e28a4114f67e111c6c222574c725741e6d24fa173
389,1781848680000,rl-qlearn,BTCUSDT,sell,62681.191254000005,0.0319074982460926,2000.0,1.2,-1.80014,9671.026783,ALLOW_CAPPED,4a0f897e31b7d2c90602cc3fdbb07592f9a9bed7f3ae2a7068c8a5922b888778
390,1781848740000,rl-qlearn,BTCUSDT,buy,62725.713324138,0.03188485062999456,2000.0,1.2,-1.79986,9669.006695,ALLOW_CAPPED,fafe8353f6972f0389bb1da6247d9aed2a05b9ab2e622dab68f99b04fc697e74
391,1781849160000,rl-qlearn,BTCUSDT,buy,62800.53576563399,0.031846862062830515,2000.0,1.2,-1.79986,9667.204425,ALLOW_CAPPED,79820bdd4140954c7dbe01c162459484c4fdbf3edb8adf5a652dda7175787b39
392,1781849220000,rl-qlearn,BTCUSDT,sell,62749.580293555155,0.03182418344406205,1996.9541543,1.1981724925800001,-1.797094,9664.984196,ALLOW,dccabb462751af3e00d3de22577df380e7651851c4af4dc0d3ba0efe5d55c113
393,1781849400000,rl-qlearn,BTCUSDT,buy,62770.42673503199,0.03186213801671999,2000.0,1.2,-1.79986,9663.184496,ALLOW_CAPPED,684965719c87c1a00df53db7157af7ade0241fa52f7a479cbe37c4da410b9ed3
394,1781849460000,rl-qlearn,BTCUSDT,sell,62736.877896014434,0.03186215255153761,1998.93197413,1.199359184478,-1.799072,9661.51602,ALLOW,269bcac2eb816524516a466e2cb320aaf5e0f90575b2c416f1f6e4fa50668f9b
395,1781849820000,rl-qlearn,BTCUSDT,sell,62742.47286522601,0.031876333664694737,2000.0,1.2,-1.80014,9659.715827,ALLOW_CAPPED,4a676c7486ba14d3198c1baed0cf9619d9eb96fafc0f809786b3ecaef8efed2a
396,1781849880000,rl-qlearn,BTCUSDT,buy,62782.830455280004,0.03185584315802062,2000.0,1.2,-1.79986,9657.829875,ALLOW_CAPPED,a64816466201c502c0fdbeb05a0c8624ad659c328b34a631a4283bea887f4cd9
397,1781850300000,rl-qlearn,BTCUSDT,buy,62824.542966114,0.0318346923920919,2000.0,1.2,-1.79986,9656.028762,ALLOW_CAPPED,1c90b2846daeb8c18bd4af1ef3752d69ca10e77d7b7516479ec9045b915701d5
398,1781850360000,rl-qlearn,BTCUSDT,sell,62791.365556353216,0.03181418546961155,1997.6561497,1.19859368982,-1.797796,9654.374086,ALLOW,ff5ef450da66b12ea004747ee53357165906dcfc81508f1f43c0d549267b73a5
399,1781850540000,rl-qlearn,BTCUSDT,sell,62786.559636108,0.03185395109385508,2000.0,1.2,-1.80014,9652.573992,ALLOW_CAPPED,90292e29d98c9608dd8c6153fe911feb5a9b63a19785a95ab3d51dbb0c0a7f9b
400,1781850600000,rl-qlearn,BTCUSDT,buy,62852.051216664,0.03182075940696966,2000.0,1.2,-1.79986,9649.888327,ALLOW_CAPPED,7d9ff8960f7695ce331a94fc874f181ef7811986b76fa08e2986414b490cae10
401,1781887500000,rl-qlearn,BTCUSDT,sell,63173.44354384801,0.03165887258641872,2000.0,1.2,-1.80014,9998.19986,ALLOW_CAPPED,1b091562f8577c286f107b8302260e807439cc2a22a71a74d0533692a5478243
402,1781887560000,rl-qlearn,BTCUSDT,buy,63214.55994391199,0.031638280829203405,2000.0,1.2,-1.79986,9996.298692,ALLOW_CAPPED,032e89ecdbe18b77990005e013f6e9f56ef092ed1fe998297c69a202b7eaa2d7
403,1781887620000,rl-qlearn,BTCUSDT,buy,63189.352383408004,0.031650902004261586,2000.0,1.2,-1.79986,9994.49935,ALLOW_CAPPED,470136fe6a2ceba81cdf5aaa532dff9b04aeec76c279228a77f0ecbe68229967
404,1781887680000,rl-qlearn,BTCUSDT,sell,63137.061902550784,0.031639797826564585,1997.64387396,1.198586324376,-1.797784,9992.24609,ALLOW,1c5ce9e25e27382d787a3538813b12d5433390070ecd95ff0f2eedd8f791cb7f
405,1781887860000,rl-qlearn,BTCUSDT,sell,63079.171831962,0.031706186716081886,2000.0,1.2,-1.80014,9990.446499,ALLOW_CAPPED,eab39a12b3ca88c4072df5a592ad4490669551a0f064fc18014db1699539b6f0
406,1781887920000,rl-qlearn,BTCUSDT,sell,63073.273601844,0.031709151686420925,2000.0,1.2,-1.80014,9988.833482,ALLOW_CAPPED,939934b4a45045e47c97dde75317e8bd8732a1014e440ca4fde4a54b81d3f646
407,1781887980000,rl-qlearn,BTCUSDT,sell,63044.24897167656,0.01579633940325638,995.86835418,0.5975210125079999,-0.84633,9990.029432,ALLOW,62b2759442cf835749f63fca8ee28ad37d9f37c7f403d38231f825ea737d113c
408,1781889060000,rl-qlearn,BTCUSDT,buy,62995.294179528,0.03174840321088545,2000.0,1.2,-1.79986,9994.852461,ALLOW_CAPPED,269dca78b23df73182139654e32beb6273cee260efba0dbfc6be4c3e120cbaf4
409,1781889120000,rl-qlearn,BTCUSDT,sell,62945.61190929,0.03177346187184852,2000.0,1.2,-1.80014,9993.617247,ALLOW_CAPPED,f5fdcdd891731236b699fb5dea42d90c5968fb647f790f79f5eb8e5a40bdb67a
410,1781889240000,rl-qlearn,BTCUSDT,buy,62988.892259399996,0.031751629982055045,2000.0,1.2,-1.79986,9991.381533,ALLOW_CAPPED,a34c8d3b6c23a7c4f4b5e86c9a53818660fdfc61ad4a40a88180d8bc3c3c02f4
411,1781889300000,rl-qlearn,BTCUSDT,sell,62945.51193928801,0.03177351233443034,2000.0,1.2,-1.80014,9989.847362,ALLOW_CAPPED,4ef11f88674c16f0d67bab6fba2cb592fe39d8659b084439654357c8acbfafe9
412,1781889360000,rl-qlearn,BTCUSDT,buy,62989.292379408,0.03175142828964095,2000.0,1.2,-1.79986,9987.571894,ALLOW_CAPPED,d679dcf7c66820af43cd81aef0073ccbe74845cc7ee38b21759691edf0aad858
413,1781889420000,rl-qlearn,BTCUSDT,buy,63047.50984057199,0.031722109327670396,2000.0,1.2,-1.79986,9983.006563,ALLOW_CAPPED,5c933936448adbbe0cccc6fc9a5d7d02b61a9c2cc40875f41facf7d94658908b
414,1781889480000,rl-qlearn,BTCUSDT,sell,63036.0847611,0.03172785885385784,2000.0,1.2,-1.80014,9980.789446,ALLOW_CAPPED,dd9c410b5b098f84ce2ac0bc2d4d85f6b37b0bc944f7d77914c8d261f67c5c4f
415,1781889540000,rl-qlearn,BTCUSDT,buy,63075.318181128,0.03170812383786588,2000.0,1.2,-1.79986,9978.923055,ALLOW_CAPPED,8b6a36dfd39dcf4df9ef0ce2b553e20f201bea26c73a96841b419813faca13c4
416,1781889600000,rl-qlearn,BTCUSDT,sell,63045.781851294,0.0317229787825837,2000.0,1.2,-1.80014,9976.991656,ALLOW_CAPPED,e6d144a81cfbb6268986ec344da4d6114c0124487b1fb08fe2a7e9fd9d6e4e55
417,1781889660000,rl-qlearn,BTCUSDT,sell,63034.71240849042,0.03159152763599782,1991.36285908,1.194817715448,-1.791506,9975.727814,ALLOW,463611bec248cead941b5309a52a3ad4fec7521e79c7fd5eda33ab4ce6a927de
418,1781890140000,rl-qlearn,BTCUSDT,buy,62912.56936787399,0.03179014972835127,2000.0,1.2,-1.79986,9986.580651,ALLOW_CAPPED,ff82399c8f0150714655f22f57632c7230e764bdd1482a22adfc7ec43440d05d
419,1781890200000,rl-qlearn,BTCUSDT,sell,62903.324598444,0.031794821859852426,2000.0,1.2,-1.80014,9983.431359,ALLOW_CAPPED,2678a4a1d442883b0da096cd9eb13a11f9a7921bf225a3c185f6e76015fd905c
420,1781890260000,rl-qlearn,BTCUSDT,buy,62968.986289002,0.031761667415460916,2000.0,1.2,-1.79986,9979.423675,ALLOW_CAPPED,903378ab0638871f7bbc36fdd9b8dec5ebcc3718ee19197e9405c6d065fbd1ea
421,1781890320000,rl-qlearn,BTCUSDT,sell,62924.61820887001,0.031784062532747716,2000.0,1.2,-1.80014,9977.936189,ALLOW_CAPPED,f5f4dd9aa81d28a7fe9f8aec410e4b059d438cf274a7c7220e5565a5b610c8b2
422,1781890380000,rl-qlearn,BTCUSDT,buy,62994.794029518,0.03174865527876547,2000.0,1.2,-1.79986,9973.571679,ALLOW_CAPPED,d8599a12f983efab88c951e3d019b64deb2ce5b7c28115bd854f22908af5b673
423,1781890440000,rl-qlearn,BTCUSDT,sell,63021.099613608065,0.03168328009876317,1996.71515119,1.1980290907139999,-1.796855,9968.73602,ALLOW,bb990a4e610755c71ec5c333919d273c372931a3b6243afb40e508cf1011d645
424,1781891280000,rl-qlearn,BTCUSDT,buy,63194.053793502,0.03164854729110055,2000.0,1.2,-1.79986,9956.251033,ALLOW_CAPPED,4e21326cd0a131c6a7b23d312d9f05f41e4ddfc673b00aa6bf71282107b319ec
425,1781891340000,rl-qlearn,BTCUSDT,buy,63183.850733298,0.03165365796462919,2000.0,1.2,-1.79986,9954.935081,ALLOW_CAPPED,96abe04805d001af526671f56bfabbed5aab6e82a7772b708f470f1ad65893ec
426,1781891400000,rl-qlearn,BTCUSDT,buy,63188.88599558455,0.015784352759592803,997.39566704,0.5984374002239999,-0.847609,9953.958008,ALLOW,b77a12514ec8e7a5d4f909662ee244ac04c8d26cb72d14ef6de261e27e6f45a4
427,1781891520000,rl-qlearn,BTCUSDT,buy,63139.837532418,0.03167572293756911,2000.0,1.2,-1.79986,9952.158354,ALLOW_CAPPED,3dfbe7512259c67b58a2d28e854bc1f1d064215e9412e712a34f3046a743e33f
428,1781891580000,rl-qlearn,BTCUSDT,sell,63148.55101335001,0.031671352198994834,2000.0,1.2,-1.80014,9951.834119,ALLOW_CAPPED,6d73b74745290b7175b8d547bfb13515c5dc524f6ac205bc256783d45dd98064
429,1781891640000,rl-qlearn,BTCUSDT,sell,63160.94729359801,0.0316651362225962,2000.0,1.2,-1.80014,9950.033984,ALLOW_CAPPED,c6aca45be0eee9051f9c9fc257cce8597c72b5b85a69674cf4a45e6e2b7c5b8e
430,1781891700000,rl-qlearn,BTCUSDT,buy,63175.24760332259,0.031655212832039974,1999.8259086,1.19989554516,-1.799686,9948.981585,ALLOW,88022cdd996b76930416959ea2faa2a9cd2e0bc8176745ce8fd5c6a0e1d4a094
431,1781892960000,rl-qlearn,BTCUSDT,sell,63094.467242268,0.03169850047739475,2000.0,1.2,-1.80014,9947.181853,ALLOW_CAPPED,535cc9b6cd0709171ee0481d6b0b8eb921051a8d92208714d93e08a3d089764e
432,1781893020000,rl-qlearn,BTCUSDT,buy,63113.629671894,0.031688876244280524,2000.0,1.2,-1.79986,9945.974932,ALLOW_CAPPED,b3c0b32619c0b80ae2b1b53dace51951e2f2255d7acf44561e521bee13a122f8
433,1781893080000,rl-qlearn,BTCUSDT,sell,63100.965292398,0.03169523620965822,2000.0,1.2,-1.80014,9944.17431,ALLOW_CAPPED,ded48e784563640e085056555400b454ff457c7da8a838d0d6ca97e673e98344
434,1781893140000,rl-qlearn,BTCUSDT,sell,63088.868922156005,0.03170131330881454,2000.0,1.2,-1.80014,9942.757914,ALLOW_CAPPED,757211a0ffb97327ba83039a18778b5e6f6f3b1d70a47e7cfb9390833ab69adb
435,1781893200000,rl-qlearn,BTCUSDT,sell,63110.32162425889,0.015332266142628186,967.62424749,0.580574548494,-0.82096,9940.782789,ALLOW,7b38806bae5c4af6df13c436a0378f01568d97fa034c6b2444d0c003776d0cbe
436,1781893260000,rl-qlearn,BTCUSDT,buy,63153.541642692,0.03166884941014921,2000.0,1.2,-1.79986,9938.305697,ALLOW_CAPPED,9cc6daf4291b1c5c5cbe5f8ceb9f870c1d99616d342e033a58c67c3ba00ffafe
437,1781893320000,rl-qlearn,BTCUSDT,buy,63138.937262399995,0.031676174587611,2000.0,1.2,-1.79986,9937.193192,ALLOW_CAPPED,bbb9b6cfae0de91f723e3ba9a5f485a03b0f1834d3622d43630a03437debb7c8
438,1781893380000,rl-qlearn,BTCUSDT,buy,63135.593272052974,0.015399084199314217,972.23031677,0.5833381900619999,-0.825,9936.369732,ALLOW,adc80cb43023cf95128f53b1b6693ac520fde05971226d16c1580bbbf1376381
439,1781893440000,rl-qlearn,BTCUSDT,buy,63109.228351806,0.031691086267936694,2000.0,1.2,-1.79986,9934.569985,ALLOW_CAPPED,bd56d06f3c48b9e04f90c33a4305daf58f4dc1082dd40151aa9fd518db267deb
440,1781893500000,rl-qlearn,BTCUSDT,sell,63088.56901215,0.03170146401029998,2000.0,1.2,-1.80014,9933.314866,ALLOW_CAPPED,847249f7727ddb1233aff1457ec78aed61aff8fea900b1d38fd042f96d91b82d
441,1781895120000,rl-qlearn,BTCUSDT,buy,63034.505940311996,0.031728653539282434,2000.0,1.2,-1.79986,9931.516311,ALLOW_CAPPED,dc55fb2ddc9dc0b478e527c8f68e2108d7c519267834c29eacede7ad3f899917
442,1781895180000,rl-qlearn,BTCUSDT,buy,63008.698199796,0.0317416492824236,2000.0,1.2,-1.79986,9928.898219,ALLOW_CAPPED,32631091fa501d9d6eb623c59fb7865ef320cb97776317d73ccabe81789ce82e
443,1781895240000,rl-qlearn,BTCUSDT,buy,63055.95308487505,0.01531592134798217,965.76001797,0.5794560107819999,-0.819197,9931.283554,ALLOW,8eca19a22c881da8e4053ba12494ac4db61d43732df83fde3f40c436f8a78b07
444,1781895300000,rl-qlearn,BTCUSDT,sell,62991.198230202,0.03175046762392071,2000.0,1.2,-1.80014,9927.104499,ALLOW_CAPPED,2e0d0a4d7b193702ca1e32137a4993a988f88d33cac3a76d381a56df4fafb73a
445,1781895360000,rl-qlearn,BTCUSDT,sell,63016.690580712,0.03173762350211636,2000.0,1.2,-1.80014,9926.503408,ALLOW_CAPPED,cdee02896ba68b1dae7a5f94885b2efce4e940c987fe7950d4c718a9cefa016f
446,1781895420000,rl-qlearn,BTCUSDT,sell,63018.857615865556,0.01528772042112442,963.41467649,0.578048805894,-0.817185,9925.669411,ALLOW,faf8228b2141f49ff1ffb77936344d57ca1758d4c2e5ebfa3840a7b694b1eb5e
447,1781895780000,rl-qlearn,BTCUSDT,buy,63050.510740631995,0.03172059950834195,2000.0,1.2,-1.79986,9923.869562,ALLOW_CAPPED,965e0e46b800782cbbb432600adc232f494547bd3f72dc6ea266cfd46d721d6d
448,1781895840000,rl-qlearn,BTCUSDT,sell,63060.977291598,0.03171533467919268,2000.0,1.2,-1.80014,9923.601344,ALLOW_CAPPED,81f8d20f4ea2517a3745729aa6bdc35b6c5d6ad17421e935e12c78a800f82ea5
449,1781897820000,rl-qlearn,BTCUSDT,buy,62968.886259,0.03176171787084998,2000.0,1.2,-1.79986,9921.801293,ALLOW_CAPPED,ef3eba5a4417cc6f0ae287785b404971a9628c0b2c9a8aa70ea6c3056e7ba23a
450,1781897880000,rl-qlearn,BTCUSDT,sell,62963.506539648006,0.03176443165122329,2000.0,1.2,-1.80014,9921.03028,ALLOW_CAPPED,e06edc1275b13e74b6a1aee448c090f53b878d9b9e753f68c5acdbc292db198a
451,1781897940000,rl-qlearn,BTCUSDT,sell,62927.61730893001,0.03178254771957148,2000.0,1.2,-1.80014,9919.230184,ALLOW_CAPPED,bb378ee3aa0aeecc93207b318c1ba1ea7b211d4a8d658099389d5a0ac309b6df
452,1781898000000,rl-qlearn,BTCUSDT,buy,62966.785628958,0.03176277747105156,2000.0,1.2,-1.79986,9917.385827,ALLOW_CAPPED,4ea24dc774e90810cd25c535f7572a0c8a7c17cda7adc0415da18b1ba74a17e4
453,1781898600000,rl-qlearn,BTCUSDT,buy,63111.629071854,0.031689880762275295,2000.0,1.2,-1.79986,9915.582924,ALLOW_CAPPED,cfc6baaeb01c7b7b318f76634f9334c9bd0bd2c7c06e8d865877c503e428de58
454,1781898660000,rl-qlearn,BTCUSDT,buy,63098.024991581995,0.03169671317393569,2000.0,1.2,-1.79986,9913.352368,ALLOW_CAPPED,7d741c2a7734258b41728540a498c7ce6834524ac17efb8e1262954e22355c34
455,1781898720000,rl-qlearn,BTCUSDT,sell,63041.183231202,0.031725292856021575,2000.0,1.2,-1.80014,9910.348282,ALLOW_CAPPED,589a685ac5f906e45a9ceaa3727002a8bd86239672c3fc825c761b48a1162a2c
456,1781898780000,rl-qlearn,BTCUSDT,sell,63030.70243335553,0.03164977438351226,1994.90751125,1.19694450675,-1.795048,9908.22101,ALLOW,60f6183628d9a9a04f9fbdc846394e5da65d25a28428236b1ecbe8169d964ed2
457,1781898840000,rl-qlearn,BTCUSDT,buy,63096.724601556,0.03169736642638149,2000.0,1.2,-1.79986,9906.420883,ALLOW_CAPPED,1d814431241953820a0efb54ed0eae4c6113276345d0b8f44167d45b8faba75f
458,1781898900000,rl-qlearn,BTCUSDT,sell,63051.184779020216,0.03169738648154641,1998.55777206,1.199134663236,-1.798698,9904.378188,ALLOW,71892cc81772e4c2391da2bbc3131751fbe8c038cfbf36cc7835989ac7b7bfa1
459,1781899380000,rl-qlearn,BTCUSDT,buy,63018.201049986004,0.031736862790062846,2000.0,1.2,-1.79986,9902.579001,ALLOW_CAPPED,73aef923110c51a5d1b6987458e15f371f9bee2a9c0dfb3f65c0875b074d68b2
460,1781899440000,rl-qlearn,BTCUSDT,sell,62965.41124302427,0.0317368742639855,1998.3253396,1.19899520376,-1.798465,9900.304626,ALLOW,8b4b78ae31dd9ab958d67c3160b65ade01c478ce634ad413bd09160d0446be77
461,1781900040000,rl-qlearn,BTCUSDT,sell,63026.387670906006,0.031732740426804316,2000.0,1.2,-1.80014,9898.503905,ALLOW_CAPPED,0263b8605e1cb59e611d28cda7901adb6626c41145b0f4a3b607e38a3621c0fb
462,1781900100000,rl-qlearn,BTCUSDT,buy,63062.91446088,0.03171436044619641,2000.0,1.2,-1.79986,9896.74531,ALLOW_CAPPED,64a9a6f10f7724e297880131cb3e80d89437063ab0f41a6753a2ab174ac76d5d
463,1781900220000,rl-qlearn,BTCUSDT,buy,63029.004290202,0.031731423057097294,2000.0,1.2,-1.79986,9894.946396,ALLOW_CAPPED,9b2099afea407a238a3f3cadfa558ef2187f547c8e1b1775ba0bd24750dfad05
464,1781900280000,rl-qlearn,BTCUSDT,buy,63027.503840171994,0.03173217846405104,2000.0,1.2,-1.79986,9893.09898,ALLOW_CAPPED,e2dea2fa4fc07400868d37e5ec20ad5587727379cbc1ae349c4bb505c781b0be
465,1781900340000,rl-qlearn,BTCUSDT,buy,63010.992206516006,0.015076310466537339,949.97328131,0.569983968786,-0.805057,9891.456572,ALLOW,65b0a3b2097a3361b5bff3a228dd8619846ab9ae9b3825fb245ec6d00d372f4b
466,1781900400000,rl-qlearn,BTCUSDT,sell,62921.219228802,0.031785779495584,2000.0,1.2,-1.80014,9885.314718,ALLOW_CAPPED,084cc84dc473a4042935b915c9bc2a0146e9b0b7bcb22ebe2b97648e1a18b9b6
467,1781900460000,rl-qlearn,BTCUSDT,sell,62951.110259400004,0.03177068667667153,2000.0,1.2,-1.80014,9884.911692,ALLOW_CAPPED,147dbe055356f5b536c6db9584b5f6aaa152f7ecd87f47fcea852941a261b855
468,1781900520000,rl-qlearn,BTCUSDT,sell,62948.74350028548,0.014959244023444715,941.66561499,0.564999368994,-0.797713,9884.028733,ALLOW,2b4911cc7dc81fb99090f3b33917f20dc27a55822212f0497dd782e698dd39bd
469,1781900880000,rl-qlearn,BTCUSDT,buy,63061.313980848,0.031715165348559164,2000.0,1.2,-1.79986,9882.228584,ALLOW_CAPPED,f9102318475b3e8b90d98fdad3f4600648fbfd5a6ae4a0b532cb3e6ddb3d1e2d
470,1781900940000,rl-qlearn,BTCUSDT,sell,63031.086261000004,0.031730374940999305,2000.0,1.2,-1.80014,9880.669451,ALLOW_CAPPED,cec9b4424f637d4335a416aeb64ce45c9900a76cd8a2ef1cda6c064bc013c826
471,1781901120000,rl-qlearn,BTCUSDT,buy,63032.005190261996,0.031729912351082655,2000.0,1.2,-1.79986,9878.870289,ALLOW_CAPPED,dd2836a1690686347c2da4bcc2305800af25ea5371207f303c3f2e022d9ff47c
472,1781901180000,rl-qlearn,BTCUSDT,sell,62977.909489187296,0.0317205186604834,1997.69195315,1.19861517189,-1.797832,9876.555567,ALLOW,3e30203e297d8acf1f8f1f8ae32bc71eb5bd6c630da5e4b25f09bd920bbb12ba
473,1781901360000,rl-qlearn,BTCUSDT,sell,63020.989290798,0.03173545865443959,2000.0,1.2,-1.80014,9874.755017,ALLOW_CAPPED,bc1f48324226be717588355173ba430bf6104d4c2e82bb3488809b2f294ea5c5
474,1781901420000,rl-qlearn,BTCUSDT,buy,63042.808430478,0.03172447500027777,2000.0,1.2,-1.79986,9873.463077,ALLOW_CAPPED,63696e5f8390084a517b1edfc868dedf482a1292a134c413fed9cc15c6a42c14
475,1781902080000,rl-qlearn,BTCUSDT,buy,63159.043292802,0.03166609080394244,2000.0,1.2,-1.79986,9871.660835,ALLOW_CAPPED,7400480041a4e9bf6856e2e102e7e43cd10002ebabb0ab89a2084151a9e95e9f
476,1781902140000,rl-qlearn,BTCUSDT,sell,63127.76257278919,0.031655088515545785,1998.31491203,1.198988947218,-1.798455,9870.071241,ALLOW,2c52194a4f47deefab671ac154794ddddc834efe06874585b0b72804a0676636
477,1781903220000,rl-qlearn,BTCUSDT,sell,63151.0502634,0.03167009878154197,2000.0,1.2,-1.80014,9868.27088,ALLOW_CAPPED,651a1b6b975210e26dd2733612a00e1f52690afddf99702d3b2117f3bfb414c3
478,1781903280000,rl-qlearn,BTCUSDT,buy,63194.353883507996,0.031648397002156,2000.0,1.2,-1.79986,9866.29995,ALLOW_CAPPED,d42a8b691e1b7c622ff0409ce13a230b51dbd85182e5803f895ea1f5c08d72d7
479,1781903340000,rl-qlearn,BTCUSDT,buy,63198.655173593994,0.03164624301745666,2000.0,1.2,-1.79986,9864.499956,ALLOW_CAPPED,6b4c343371b8c3cf75e0ba584f5fa3eb6b56c45ac1e48d6e29d41af8c998cbb9
480,1781903400000,rl-qlearn,BTCUSDT,buy,63206.657573754,0.03164223638413815,2000.0,1.2,-1.79986,9862.953017,ALLOW_CAPPED,edaab8c79f5e30d75cebec6a9b4e889e50a29bf36f8a8ca7d07f7c199a0d6d07
481,1781903460000,rl-qlearn,BTCUSDT,buy,63232.29483389717,0.014762661562135614,933.47696843,0.560086181058,-0.790307,9863.99717,ALLOW,054c4d6d4c40d880d6605cec51569830ed6b24577bb54ca2c216473fee28393f
482,1781904060000,rl-qlearn,BTCUSDT,sell,63161.047263600005,0.03166508610367214,2000.0,1.2,-1.80014,9859.333698,ALLOW_CAPPED,856858a0e7e9f9778aae19ac560c5cdd2ca13b4f0864afece811a16d773c92d1
483,1781904120000,rl-qlearn,BTCUSDT,sell,63145.651883292,0.031672806287540906,2000.0,1.2,-1.80014,9856.819693,ALLOW_CAPPED,65e5df6b0baebf37b81bb14ff92a9de18ceecb5c5b5a1eaa45f81252833c0618
484,1781904180000,rl-qlearn,BTCUSDT,sell,63167.93357346295,0.014685671653975307,927.66353152,0.556598118912,-0.785202,9856.311983,ALLOW,0f3d0a7d93f11fb73934f8822734f8c30b5c7011d4a41c8f7a807347e52d121a
485,1781905740000,rl-qlearn,BTCUSDT,sell,63070.974291798004,0.03171030767254356,2000.0,1.2,-1.80014,9854.512181,ALLOW_CAPPED,fa869f22014048dc15d214fb111ca01fee362bde1ad5d71475128112bfc8e521
486,1781905800000,rl-qlearn,BTCUSDT,buy,63112.129221863994,0.03168962962680616,2000.0,1.2,-1.79986,9852.607665,ALLOW_CAPPED,e9c6667b58cb7249706307f8359c2bad668959918c908ca1bbbc2c017a6c2b62
487,1781905860000,rl-qlearn,BTCUSDT,buy,63100.125621624,0.03169565797686167,2000.0,1.2,-1.79986,9850.808097,ALLOW_CAPPED,f5ceef7ea2975d9f2abbaa983f0f4bc6c5b263efae02df2aecc91578ec9e4582
488,1781905920000,rl-qlearn,BTCUSDT,sell,63058.98494613064,0.03168086192533273,1997.76299523,1.198657797138,-1.797903,9848.905678,ALLOW,725fc4e2a54541b847a7805850112a24850277a6792a06b66343e6ddab572fa0
489,1781906400000,rl-qlearn,BTCUSDT,sell,63052.179931422,0.031719759763663646,2000.0,1.2,-1.80014,9847.105603,ALLOW_CAPPED,7acb5705c3b9946e92ada37dd4834130536f442845265fc7624dbb5f8ecf5c16
490,1781906460000,rl-qlearn,BTCUSDT,buy,63073.817731097995,0.03170887813587852,2000.0,1.2,-1.79986,9845.819757,ALLOW_CAPPED,cdaf4672f982274d381d8fd4f2d81c1a3a347dde6900e16dec6701fd67eae67c
491,1781906520000,rl-qlearn,BTCUSDT,sell,63040.88332119601,0.0317254437855814,2000.0,1.2,-1.80014,9844.019517,ALLOW_CAPPED,4e872bc6d175047a633c208f5c0bcc5a5f3131d844911be7d83091300fa87b82
492,1781906580000,rl-qlearn,BTCUSDT,buy,63042.308280468,0.031724726688341254,2000.0,1.2,-1.79986,9843.375205,ALLOW_CAPPED,f87e13870a3834f1b474d9d77c9e7f197ecb7a608b6140e838c071ad8d0e851d
493,1781906640000,rl-qlearn,BTCUSDT,sell,63037.88422113601,0.0317269531601668,2000.0,1.2,-1.80014,9841.57436,ALLOW_CAPPED,e1f7f3eaf1bd2af77af8c536d1321a6ddb968ea71478045048f85c7077bd6fcd
494,1781906700000,rl-qlearn,BTCUSDT,buy,63064.014790902,0.031713807099520916,2000.0,1.2,-1.79986,9840.145952,ALLOW_CAPPED,94e337f230dc3a206b7054cf17b144247da4f0966373fd513ab7a148686e0176
495,1781906760000,rl-qlearn,BTCUSDT,sell,63022.388870826006,0.03173475388404119,2000.0,1.2,-1.80014,9838.345943,ALLOW_CAPPED,6cb76aab3baaeae8ba2edddba63ebf688a50d7e4733cb68e84f5f2a0a86dccd9
496,1781906820000,rl-qlearn,BTCUSDT,buy,63041.708100455995,0.03172502871928899,2000.0,1.2,-1.79986,9837.133809,ALLOW_CAPPED,eeeeac6b6f99c57888b1a2df573c8fdc2505e67df541195546f1a8783dfb94b5
497,1781906880000,rl-qlearn,BTCUSDT,sell,63004.59421047,0.031743716867993786,2000.0,1.2,-1.80014,9835.333638,ALLOW_CAPPED,0ead8b3894bbb912aa29fa961b5c81dde42120e51baaf431695f34c6ea1ba5ea
498,1781906940000,rl-qlearn,BTCUSDT,buy,63084.42091131,0.031703548532398956,2000.0,1.2,-1.79986,9832.198695,ALLOW_CAPPED,9a9c5b7dc37695c98cb2c4945c46def2a8b8ff3014a35b8cb2ff0f75f6fd0950
499,1781907120000,rl-qlearn,BTCUSDT,sell,63030.786350994,0.031730525918918034,2000.0,1.2,-1.80014,9830.399885,ALLOW_CAPPED,fe880cc618be19a90e2b95bc1f6bf49e5e0d79c83953e7e16f1ec86d7485ac84
500,1781907180000,rl-qlearn,BTCUSDT,buy,63073.817731097995,0.03170887813587852,2000.0,1.2,-1.79986,9828.434588,ALLOW_CAPPED,bd8e0d195a952b579b5040c319b0c3ebe9a3c9c74ad70aacae7396fb52eac462
501,1781907540000,rl-qlearn,BTCUSDT,buy,63178.9492632,0.031656113679069134,2000.0,1.2,-1.79986,9826.62361,ALLOW_CAPPED,fb28751362efcf5fadc6c6e7b548c16d0e20c5e5f665fdf617009d373fcab13e
502,1781907600000,rl-qlearn,BTCUSDT,sell,63167.86555447107,0.03155978467787399,1993.56423546,1.196138541276,-1.793706,9825.675453,ALLOW,34fe12f7f9615ab1d6262d25519c9830d101d4d08ecdab6e363667ef8a47a721
503,1781913780000,rl-qlearn,BTCUSDT,buy,63561.664050852,0.03146550723404466,2000.0,1.2,-1.79986,9823.872229,ALLOW_CAPPED,307811c780e74acf3fc9354a1aadbddc76152082a19eac9dfad1b280fbfd157d
504,1781913840000,rl-qlearn,BTCUSDT,sell,63459.667849531725,0.031465484049405315,1996.7891665,1.1980734999,-1.796929,9820.065258,ALLOW,1f0f5945f1dcd58af9fdd759ed3bf8ac894c0eea878ef5f63d8f38f50f1e14de
505,1781913900000,rl-qlearn,BTCUSDT,buy,63516.35045994601,0.03148795523541955,2000.0,1.2,-1.79986,9818.265222,ALLOW_CAPPED,beb9a90e676044d00b63584605ae09181254a08c74112c8dfe5fd76902b2718a
506,1781913960000,rl-qlearn,BTCUSDT,sell,63462.36224310258,0.03148796435476503,1998.30060018,1.1989803601079998,-1.798441,9815.966273,ALLOW,b2a6dc731ff8a3eeaa1a56a20d8fa230220c513e916ea87a7fc1634f84a5475c
507,1781915640000,rl-qlearn,BTCUSDT,sell,63725.277954888006,0.031384719913121875,2000.0,1.2,-1.80014,9814.163649,ALLOW_CAPPED,4126baf2ea03d2d629ac91f62046b98de87ef83099075b165848d367d9df39bc
508,1781915700000,rl-qlearn,BTCUSDT,buy,63696.501623558936,0.031384748359721666,1999.09867485,1.19945920491,-1.798959,9814.4681,ALLOW,8e211f30a73d5a07f2b58b1fed8d19e97fa46e4bf2003a073ecaf69537188d7e
509,1781916780000,rl-qlearn,BTCUSDT,buy,63541.958140458,0.03147526545497775,2000.0,1.2,-1.79986,9812.669694,ALLOW_CAPPED,646b24fa60d286ad7d5bde9c3158e03396dcc1a0926077be9ff691822408a1b6
510,1781916840000,rl-qlearn,BTCUSDT,sell,63560.42742159,0.0314661194257584,2000.0,1.2,-1.80014,9812.650521,ALLOW_CAPPED,878fdb8174212e1f443f41812ec97248d564cc3496fcaa76e519d3e469aee0b0
511,1781919240000,rl-qlearn,BTCUSDT,buy,63564.865010916,0.03146392271353899,2000.0,1.2,-1.79986,9810.85067,ALLOW_CAPPED,f132d0c134a22599ead1692c0e47a299fd5b77e4904bc6ea35c32a9d199c6eca
512,1781919300000,rl-qlearn,BTCUSDT,sell,63517.343249881385,0.0314730939676658,1999.08731268,1.199452387608,-1.799227,9808.755685,ALLOW,b08cc539852757d1e4fac3101077325cf9f8b9e87442e76f007d526be7e05df7
513,1781919480000,rl-qlearn,BTCUSDT,buy,63594.273831504,0.03144937239631187,2000.0,1.2,-1.79986,9806.955458,ALLOW_CAPPED,66feced3066f9b0fa481a67876c7079fbfc3634802fb7c50472d363bc57616f8
514,1781919540000,rl-qlearn,BTCUSDT,sell,63550.93027140001,0.03147082177174777,2000.0,1.2,-1.80014,9804.991831,ALLOW_CAPPED,9b0c57f709e936099806d98c6d3f2bb5b17ce85b71c4f312030fad575cc6a223
515,1781920200000,rl-qlearn,BTCUSDT,buy,63548.160000582,0.031472193687145045,2000.0,1.2,-1.79986,9803.193234,ALLOW_CAPPED,a4e89cc1cb7c0aebf6b39b7dad403b8bcd6ef30d9e00f42e8bb6785f7cdab7a6
516,1781920260000,rl-qlearn,BTCUSDT,sell,63523.94512223662,0.0314507356992008,1997.87480861,1.198724885166,-1.798015,9801.832253,ALLOW,b5b4d24cf48884d66aea3848e58c4eaa4f3143ef3278a544e8c83dce7fd17493
517,1781920560000,rl-qlearn,BTCUSDT,sell,63525.83780089801,0.031483252629715464,2000.0,1.2,-1.80014,9800.032095,ALLOW_CAPPED,919196e5483519ddfc340300d6e9090d562724461a923dfa37aee2c10e7eaf2a
518,1781920620000,rl-qlearn,BTCUSDT,buy,63551.160900642,0.03147070756310599,2000.0,1.2,-1.79986,9798.635342,ALLOW_CAPPED,2c8f67d02b732b26bd8f8c64b035a8a1775375dca3eeb856017c3ec0d7688671
519,1781920680000,rl-qlearn,BTCUSDT,buy,63545.359160526,0.031473580862886805,2000.0,1.2,-1.79986,9796.835609,ALLOW_CAPPED,45c509ba1245cb08d7f1f79dddc671fd27e1ead5381aa79269fd998214f62fb4
520,1781920740000,rl-qlearn,BTCUSDT,buy,63564.865010916,0.03146392271353899,2000.0,1.2,-1.79986,9795.649055,ALLOW_CAPPED,3bd541e983e5ccda9a63fc6b9cfde13c5b9a5309a53046c96a61ec633407ad92
521,1781920800000,rl-qlearn,BTCUSDT,sell,63467.755229736,0.03151206455562426,2000.0,1.2,-1.80014,9790.136899,ALLOW_CAPPED,2f7ae759f2af08958640f1e081f001237d6b3788a64b0617e238775a47405b66
522,1781920860000,rl-qlearn,BTCUSDT,buy,63538.957240398006,0.03147675200952782,2000.0,1.2,-1.79986,9789.376494,ALLOW_CAPPED,7db9b687140372ae800e2ae4d1bf7a794f82f2adcd7200d99a0975870f969b6c
523,1781920920000,rl-qlearn,BTCUSDT,sell,63496.346650308005,0.031497875161457,2000.0,1.2,-1.80014,9787.293393,ALLOW_CAPPED,7e3bcebe09c46686936dc2cb6e03b49e908c47724f5b13f6e551eccaaf345ca1
524,1781920980000,rl-qlearn,BTCUSDT,sell,63478.37523380824,0.03139174498623116,1992.69696748,1.195618180488,-1.792839,9784.935672,ALLOW,7dc88f7a58e854df743d697517d8b448f58965cebb6785da99a3fd924a6eef2b
525,1781921700000,rl-qlearn,BTCUSDT,buy,63443.428588488,0.0315241474885061,2000.0,1.2,-1.79986,9783.136498,ALLOW_CAPPED,5db7e92f97fa8a896c8468567fce5ec3055adce4040674093689d90a50207d21
526,1781921760000,rl-qlearn,BTCUSDT,sell,63401.07946146477,0.031524196583826186,1998.66809257,1.199200855542,-1.798808,9781.202177,ALLOW,71f66701b80b3872470d991dc798306ce08df212064ee00b9802a8c160691294
527,1781924520000,rl-qlearn,BTCUSDT,buy,63364.805006916,0.03156326291514206,2000.0,1.2,-1.79986,9779.403019,ALLOW_CAPPED,390448018e892da0b5626146d4e6be8ab5724b918a79d65c3540687f3320c87a
528,1781924580000,rl-qlearn,BTCUSDT,sell,63314.706161327624,0.03156327424260601,1998.41943416,1.1990516604960002,-1.798559,9777.222659,ALLOW,ba796b6eba59ed770999cb3384082513de819ea2b6b59e04e70035da70903ef8
529,1781925480000,rl-qlearn,BTCUSDT,buy,63392.613347472,0.03154941710696577,2000.0,1.2,-1.79986,9775.422421,ALLOW_CAPPED,0f4195e6eb0c6f72c289dbfd5719593cb6af1f215852727ad6a59e873210f11c
530,1781925540000,rl-qlearn,BTCUSDT,sell,63350.99442814097,0.03154941337167343,1998.68671072,1.199212026432,-1.798827,9773.510051,ALLOW,48871a363955efd61d01a6176b45ea2f6c23e210127f80678aa5326f51176de7
531,1781927040000,rl-qlearn,BTCUSDT,sell,63432.065939021995,0.03152979444060081,2000.0,1.2,-1.80014,9771.709143,ALLOW_CAPPED,52b3378a80c792bc985de1b5f43b5409ebfbe225147307c624197595c352f70d
532,1781927100000,rl-qlearn,BTCUSDT,buy,63460.833808836,0.03151550145125148,2000.0,1.2,-1.79986,9770.202598,ALLOW_CAPPED,9d32070fbcdd96971440d168f4b45ced090c41ca9bf46abeb50e2d343d63b135
533,1781927520000,rl-qlearn,BTCUSDT,buy,63447.129698562,0.03152230856623494,2000.0,1.2,-1.79986,9768.403064,ALLOW_CAPPED,03c244124224fcbedf2a06b5c5d5c5e887d1b7fff6dd4039f8b5b52cee472b21
534,1781927580000,rl-qlearn,BTCUSDT,sell,63395.18507513154,0.03150800121748608,1997.45556853,1.198473341118,-1.797596,9766.167638,ALLOW,72205f561e10bbeb5e043519d5ee13bc4f27a987bb2bfb4897b1c03b1c1a263a
535,1781929620000,rl-qlearn,BTCUSDT,buy,63531.855110256,0.031480270748101266,2000.0,1.2,-1.79986,9764.366847,ALLOW_CAPPED,47e0be5d51bfc8f636b5520dc9d7d0598f93475902592a185798371191764a25
536,1781929680000,rl-qlearn,BTCUSDT,sell,63514.84280283347,0.031480265592671856,1999.46412051,1.199678472306,-1.799604,9763.231277,ALLOW,dacdd9014d26124a19491df4b441a10985387ad6bc913962bd4a5caa6779bbea
537,1781930880000,rl-qlearn,BTCUSDT,sell,63521.93897082,0.03148518499913451,2000.0,1.2,-1.80014,9761.43107,ALLOW_CAPPED,e3aa6ad9164ea6d509c242f047973a6acd4853cea371c9a163f7739c5ec39482
538,1781930940000,rl-qlearn,BTCUSDT,buy,63570.366661026,0.03146119969174519,2000.0,1.2,-1.79986,9759.306815,ALLOW_CAPPED,ed724cd808a43ac3f7fbbc75d69d6434592f686392b07ee8a7832c1e480d50a0
539,1781932380000,rl-qlearn,BTCUSDT,buy,63866.25540694199,0.0313154417345503,2000.0,1.2,-1.79986,9757.497067,ALLOW_CAPPED,fc481fe9fd30b60c656c11b27bc0d470cb75da17ac3c4f73523201b9c3c7c9ef
540,1781932440000,rl-qlearn,BTCUSDT,sell,63757.08420502828,0.03129139286536974,1995.04796981,1.1970287818860001,-1.795189,9753.483984,ALLOW,837b75a286927ee4ec6d9a87d0ac442e2fef7c3404bd8a75935afed80a06e31b
541,1781933100000,rl-qlearn,BTCUSDT,buy,63702.80638367399,0.03139579107322606,2000.0,1.2,-1.79986,9751.684991,ALLOW_CAPPED,63912d674d94eb481fe50e85bf12660b60b6a005abe0103b61ff4282bc7a35cc
542,1781933160000,rl-qlearn,BTCUSDT,sell,63658.602374292546,0.03139582797402267,1998.61452921,1.199168717526,-1.798754,9749.697918,ALLOW,e7ed9a0ec639c33cdaa99796ade243185e13cf9613481a0973afb9bb10e30674
543,1781933580000,rl-qlearn,BTCUSDT,sell,63661.197183606004,0.031416311481415854,2000.0,1.2,-1.80014,9747.897754,ALLOW_CAPPED,cd4936e37c737131b8ddf1e27ca4a1e1bb8a37c2c77482d4fb785be6005530a6
544,1781933640000,rl-qlearn,BTCUSDT,buy,63658.99302051626,0.031416302017932565,1999.93015089,1.1999580905340002,-1.79979,9747.367563,ALLOW,83212c7a210ddec7c24992c8b7819d7418d0d9ee3015a95c515486ec754f720d
545,1781934720000,rl-qlearn,BTCUSDT,buy,63619.18130200199,0.031437059689686124,2000.0,1.2,-1.79986,9745.568078,ALLOW_CAPPED,037bcb97e21d9c4939367964bc938847076135920262bec7a41de0118cf5742d
546,1781934780000,rl-qlearn,BTCUSDT,sell,63600.91709781586,0.031437063868826866,1999.42609292,1.199655655752,-1.799566,9744.393922,ALLOW,3d44416e60c07890a919af08fe04bed762a1bec0f4bf6c8fcca7944bb2edb1bf
547,1781934900000,rl-qlearn,BTCUSDT,buy,63650.59072263,0.03142154656058723,2000.0,1.2,-1.79986,9742.593954,ALLOW_CAPPED,e660b2e526641a87f0c1263a23d08a8a35c2b3e445a844c6cb4606af55a5d84e
548,1781934960000,rl-qlearn,BTCUSDT,sell,63614.914640118026,0.03142154104454979,1998.87865141,1.199327190846,-1.799019,9740.873465,ALLOW,67bb8a8eb654ede79a302368659313a534a65484267b874096f57f16c75b1e6e
549,1781935320000,rl-qlearn,BTCUSDT,buy,63686.30143334399,0.0314039276106065,2000.0,1.2,-1.79986,9739.073292,ALLOW_CAPPED,0daff25e3316d2b9f852ee8671d315089d2f0e21df5aa4c07bc582c25e0c6dfc
550,1781935380000,rl-qlearn,BTCUSDT,sell,63651.60353306784,0.03140392237552256,1998.91001643,1.199346009858,-1.79905,9737.384123,ALLOW,85fb411f989f95431d104ae159eeacb7cbc539af26d8624872c7e6975362733a
551,1781935680000,rl-qlearn,BTCUSDT,buy,63658.993242797995,0.031417399146918934,2000.0,1.2,-1.79986,9735.584553,ALLOW_CAPPED,6052ee25ddcf1a7a8eb70c6c0040c768b640fa36fa8c06bdc77c21ef1f50c39f
552,1781935740000,rl-qlearn,BTCUSDT,buy,63635.386162326,0.03142905418847066,2000.0,1.2,-1.79986,9733.043465,ALLOW_CAPPED,21da913131560af91fab6c5cf118f3ef72f966223c49381655c299f44096028a
553,1781935800000,rl-qlearn,BTCUSDT,sell,63599.315752368006,0.03144687920523003,2000.0,1.2,-1.80014,9731.375283,ALLOW_CAPPED,f7af260e375a9b66c9aa3d0abdea019f11dca77db4c5de92fb14859d1ba12460
554,1781935860000,rl-qlearn,BTCUSDT,sell,63608.113112544,0.03144252992478069,2000.0,1.2,-1.80014,9729.851376,ALLOW_CAPPED,8e960fb3dd5ad8faf2ff4f9e238ca38c1572b7a5caaf8add99af3de460ec5f0b
555,1781935920000,rl-qlearn,BTCUSDT,buy,63650.290632624,0.03142169470275598,2000.0,1.2,-1.79986,9728.051306,ALLOW_CAPPED,77e39744665f09ff3556c81298ac78a7b3ad2292144496e49805e00167988198
556,1781935980000,rl-qlearn,BTCUSDT,sell,63603.22797903259,0.03137872645407133,1995.78829235,1.19747297541,-1.795929,9725.976191,ALLOW,23565a309f5f62a5676876459a7c9408f96aaae02a3dd4049448431b0f59c377
557,1781937000000,rl-qlearn,BTCUSDT,sell,63640.603363194,0.03142647766216313,2000.0,1.2,-1.80014,9724.175699,ALLOW_CAPPED,82263009c25c564078eb05dc4081bf1e14f7bdbd655ead34a9b3e17442251549
558,1781937060000,rl-qlearn,BTCUSDT,buy,63684.000743298,0.03140506212952516,2000.0,1.2,-1.79986,9722.212372,ALLOW_CAPPED,1dfcb44d34135edbe808f9d8d1e07209a98f7571704558ce79917c0e939ec63f
559,1781938020000,rl-qlearn,BTCUSDT,buy,63711.208903841994,0.0313916504553941,2000.0,1.2,-1.79986,9720.411674,ALLOW_CAPPED,ca7e6abd2e335c924191231dbedbece52379ae8bfe9cbd37cd71a96a3a332090
560,1781938080000,rl-qlearn,BTCUSDT,sell,63685.69672846383,0.031370235587877035,1997.83530995,1.19870118597,-1.797975,9719.011981,ALLOW,de438118d2e84724185f69d47a7b2acf97ad9dc9bcc37b6c31e09d2c9a8fc276
561,1781939760000,rl-qlearn,BTCUSDT,buy,63653.491592688,0.031420114591636066,2000.0,1.2,-1.79986,9717.212783,ALLOW_CAPPED,ea10a1b8adc60c44f393c6d0031c536451f78c546e8b411d01819aa646ae8091
562,1781939820000,rl-qlearn,BTCUSDT,sell,63628.00968715833,0.03142013169843794,1999.20044408,1.1995202664479998,-1.79934,9715.812359,ALLOW,fbaa3363af6434179fd80469a6a3ad6bd4ebac397abfe704f4d8dcd8b2f466bb
563,1781939940000,rl-qlearn,BTCUSDT,sell,63696.486594312,0.03139890607684784,2000.0,1.2,-1.80014,9714.011573,ALLOW_CAPPED,7bba2e4b6f0a304b29cab5662b288bdb9f6564039fb0cec2ba857d4402524569
564,1781940000000,rl-qlearn,BTCUSDT,buy,63730.014544218,0.0313823873147296,2000.0,1.2,-1.79986,9712.359332,ALLOW_CAPPED,fa9604fe7b04c565068afbb8c4e58c962a3e74c82360bd26627d04a5b460aa29
565,1781940960000,rl-qlearn,BTCUSDT,buy,63737.616824369994,0.03137864419234612,2000.0,1.2,-1.79986,9710.559275,ALLOW_CAPPED,2e69ed1152cc07dd6c03a18da1f62fd2758bc2e8eaad7d8c53d99cf9023721b6
566,1781941020000,rl-qlearn,BTCUSDT,sell,63700.492461513684,0.03136210580125439,1997.78158417,1.198668950502,-1.797922,9708.795842,ALLOW,74f9a5b9b689438fc0d8ceec547aed64dd12717ae8b35b2d404f32d7afcf1cf9
567,1781943540000,rl-qlearn,BTCUSDT,sell,63503.24458044601,0.03149445375923111,2000.0,1.2,-1.80014,9706.997557,ALLOW_CAPPED,50640bf4cc468c36f5260620487852cf377d05e3e28009c865ae001a962a41b7
568,1781943600000,rl-qlearn,BTCUSDT,buy,63556.56252075,0.03146803289348819,2000.0,1.2,-1.79986,9704.718838,ALLOW_CAPPED,661dcce35a3b3335175ae2012df79208ef8ae909b5e9a8b7ecca2cb55e7e4c39
569,1781944020000,rl-qlearn,BTCUSDT,buy,63474.037769099996,0.031508945551493285,2000.0,1.2,-1.79986,9702.921934,ALLOW_CAPPED,f99a78900c827821e9195ab90b1ac7d94cd587569bad30229fffeefa5272d8fb
570,1781944080000,rl-qlearn,BTCUSDT,sell,63433.67480326959,0.03148255966162416,1997.05445155,1.19823267093,-1.797195,9701.052351,ALLOW,8c364348a12362c1ab87e871ff6cf6ba958bd534e451ddd72ee8532a272e7fa9
571,1781944260000,rl-qlearn,BTCUSDT,buy,63446.22942854399,0.031522755851905906,2000.0,1.2,-1.79986,9699.252732,ALLOW_CAPPED,bfabb9e85d51772f5b4fe044b3093575c41a41891d76c9d8cbc34378213155ec
572,1781944320000,rl-qlearn,BTCUSDT,sell,63410.87582968951,0.03152277079579627,1998.88650474,1.1993319028440002,-1.799026,9697.538791,ALLOW,965395e749818711deebdf39c58167b4a91911166a3372a79a0e062003010454
573,1781944680000,rl-qlearn,BTCUSDT,sell,63380.881297998,0.031555257027692574,2000.0,1.2,-1.80014,9695.738935,ALLOW_CAPPED,92d1e456cb326c181b802d99db79ee7b4eecc1a0735752ec0d3ae803e679ee9b
574,1781944740000,rl-qlearn,BTCUSDT,buy,63472.137199061995,0.031509889035681575,2000.0,1.2,-1.79986,9692.259832,ALLOW_CAPPED,03a01fe95dff42a7e295aa3ca39c2157c5a71cc22b2b12b96a1f9cedfc5a39f7
575,1781945160000,rl-qlearn,BTCUSDT,buy,63431.424988248,0.03153011303735557,2000.0,1.2,-1.79986,9690.462204,ALLOW_CAPPED,e7b11e0803fe08b58540756be736e1e6f01f7bab43fd313562c05af919434384
576,1781945220000,rl-qlearn,BTCUSDT,sell,63387.392868615854,0.03148472867477913,1995.73486587,1.197440919522,-1.795875,9688.477477,ALLOW,3635e7e5002e9e4b9843d3e80ae2102fa63b83a6765cf42a0ea6c3a8ec41346e
577,1781945400000,rl-qlearn,BTCUSDT,sell,63361.087237602,0.03156511491824731,2000.0,1.2,-1.80014,9686.677585,ALLOW_CAPPED,b1182a79bd8cbf45acd12e1072b79e331cfbdca82f342c7186cec4ffda7e41ac
578,1781945460000,rl-qlearn,BTCUSDT,buy,63381.409987248,0.031554993812892285,2000.0,1.2,-1.79986,9685.436594,ALLOW_CAPPED,cef32cbab3d42ad9eedfd57752077e683ee41a8f3eb1e77fc90682ed5afbe102
579,1778392800000,rl-qlearn,BTCUSDT,sell,80671.29296391,0.02479196659082608,2000.0,1.2,-1.80014,9998.19986,ALLOW_CAPPED,ce544073d2b79f1cc79a73ff1b6e38281bc17708df5eb48b5773f0537c55e5c4
580,1778396400000,rl-qlearn,BTCUSDT,buy,80723.81149399199,0.024775837054582753,2000.0,1.2,-1.79986,9996.298353,ALLOW_CAPPED,9463ad7e65ae9d1980a9075b193ca7aefbbeea3f595e199e5ffed1e9b88b437b
581,1778407200000,rl-qlearn,BTCUSDT,buy,80865.854096832,0.024732317766719192,2000.0,1.2,-1.79986,9994.496202,ALLOW_CAPPED,b6556e84408935d058c0d194a61b81ceca2489a192d186e30a288a9fdab3f6d0
582,1778410800000,rl-qlearn,BTCUSDT,sell,80765.27765652949,0.0247236008714268,1996.80848905,1.19808509343,-1.796949,9991.41154,ALLOW,41cf67819a4ea370aff46312b3aa657a4ffc96ff91b5444eaf945d5875fbdf13
583,1778414400000,rl-qlearn,BTCUSDT,sell,80865.73461780002,0.024732354308690887,2000.0,1.2,-1.80014,9989.610655,ALLOW_CAPPED,53083e89c43c47dced720d27f8ca5f7f24709fb7e8ef4af3dadc30f8dcc65b58
584,1778418000000,rl-qlearn,BTCUSDT,sell,80909.22156867001,0.024719061204939934,2000.0,1.2,-1.80014,9986.734336,ALLOW_CAPPED,f996eae06d117646cea8370e395eb3edc2bf7ca3cd303f0a65f1ceaeb0b634ca
585,1778421600000,rl-qlearn,BTCUSDT,buy,80966.684338848,0.024701517869126763,2000.0,1.2,-1.79986,9984.494292,ALLOW_CAPPED,1f59dda57982b7f0aa39fc131a011104916071d29d380567b21ec1672b762774
586,1778425200000,rl-qlearn,BTCUSDT,sell,81339.59242728,0.024588271717590163,2000.0,1.2,-1.80014,9972.25647,ALLOW_CAPPED,412ee96ffedd1eb8f21d60ec4a7cfcd22b0065218e77be59263d138dbaac4a56
587,1778428800000,rl-qlearn,BTCUSDT,sell,81308.67563758173,0.011976241626052412,973.77234573,0.584263407438,-0.826475,9973.162025,ALLOW,13f1022bc91e7e04e20a6233050e55e9dc1126b49af33cdea1a2317620d53d15
588,1778432400000,rl-qlearn,BTCUSDT,buy,81454.33059859798,0.02455363619469024,2000.0,1.2,-1.79986,9965.16866,ALLOW_CAPPED,73416fb355e0a828c2111c0e35ac72bea973278f5a748d1fc62d9246c599d149
589,1778436000000,rl-qlearn,BTCUSDT,buy,81251.66981454601,0.024614878741137595,2000.0,1.2,-1.79986,9970.818035,ALLOW_CAPPED,5854b56d03a8ad29ffc3c060edbab5909151669d224a56351e38566f88035528
590,1778439600000,rl-qlearn,BTCUSDT,buy,81414.018507792,0.024565793909418477,2000.0,1.2,-1.79986,9967.045693,ALLOW_CAPPED,566fa43d19735568f5ec2df6ca8ad16d5cb5e8e4f775800aa752ae7fccc32a6e
591,1778443200000,rl-qlearn,BTCUSDT,sell,80673.92117274464,0.012415589929430522,1001.61432328,0.600968593968,-0.851501,9957.561309,ALLOW,6291c8bf8b7d36cab608f34e58845cc74b169e91e14cc7fe73c26990c253d723
592,1778450400000,rl-qlearn,BTCUSDT,buy,82024.50160999798,0.02438295827153456,2000.0,1.2,-1.79986,9955.757395,ALLOW_CAPPED,c9ed16e31638e5337f90176ef7d25a4a729af58d2b2b353a500b4c8c345c6d0d
593,1778454000000,rl-qlearn,BTCUSDT,buy,82187.750573262,0.024334526569348116,2000.0,1.2,-1.79986,9957.936327,ALLOW_CAPPED,709bff0439ff3de28c4c2ed22be62347b675dd6076a4b0d44602d709baf05b5f
594,1778457600000,rl-qlearn,BTCUSDT,sell,81405.372688596,0.02456840296832371,2000.0,1.2,-1.80014,9920.413932,ALLOW_CAPPED,5042f1edeeb699b26ecc42302b90bf53ecaa198aa9d122e80791d1eb7780c3b8
595,1778461200000,rl-qlearn,BTCUSDT,buy,81494.24256939601,0.024541611001500017,2000.0,1.2,-1.79986,9919.579911,ALLOW_CAPPED,6e502ce71566192fc0c6b2a9bc9b645a97b1843889a74254d0e6d13c2e63b688
596,1778464800000,rl-qlearn,BTCUSDT,sell,81122.057702928,0.024654206964572753,2000.0,1.2,-1.80014,9902.034205,ALLOW_CAPPED,81dd4f0e475ddf6a4e3506d11f6b2b5e0590eec837dd4dfe52a8ca93418589c1
597,1778468400000,rl-qlearn,BTCUSDT,sell,80692.12938942715,0.024040520613949453,1939.88079997,1.163928479982,-1.740194,9889.952446,ALLOW,231c500788758c8b301732d20e0831fb7139ca9cb69c83f5094ed039f8abc00e
598,1778472000000,rl-qlearn,BTCUSDT,buy,80824.34164600201,0.02474502061222704,2000.0,1.2,-1.79986,9888.151987,ALLOW_CAPPED,119ea7c52b80f7195416b9ab6af6f1318e636252894b0f2d7da4e67980ed93a5
599,1778475600000,rl-qlearn,BTCUSDT,sell,80789.36094127233,0.024745303247951596,1999.1572357,1.1994943414199999,-1.799297,9886.686651,ALLOW,ced2752186758f1d79805190f6ca89fa6394d663d13aeb6f2756ebd8a9580d2a
600,1778515200000,rl-qlearn,BTCUSDT,buy,81544.4576304,0.0245264982822621,2000.0,1.2,-1.79986,9884.881548,ALLOW_CAPPED,14baea3bbebd4b55d88503e26b1e0bccabfebfefb7690bf677271e1fad752546
601,1778518800000,rl-qlearn,BTCUSDT,sell,81864.03505777201,0.02443075275471807,2000.0,1.2,-1.80014,9892.119139,ALLOW_CAPPED,86dfe3ed876ec00970aec2f484fa52c76375100d81209942e89775fabe5647f7
602,1778529600000,rl-qlearn,BTCUSDT,sell,81746.67027542401,0.0244658283115572,2000.0,1.2,-1.80014,9890.30863,ALLOW_CAPPED,bf7a96c95092a3d996c61c06df899f62930c876642dc2344126dc982b5c1af5f
603,1778533200000,rl-qlearn,BTCUSDT,sell,81752.06865553201,0.024464212745822226,2000.0,1.2,-1.80014,9888.376852,ALLOW_CAPPED,9b3d748964d780dfc355a54aef0b0a5d181aefb2905b9d2221f7ac755ad3ef79
604,1778536800000,rl-qlearn,BTCUSDT,sell,81761.26143051968,0.011615767913598878,949.7198371,0.56983190226,-0.804918,9887.332609,ALLOW,bc980007974dd80ade3a9d0a33cce1021f28cce9090b4b694005957a7529eb23
605,1778544000000,rl-qlearn,BTCUSDT,buy,81528.45283008,0.024531313064021475,2000.0,1.2,-1.79986,9902.309701,ALLOW_CAPPED,d7ee70b8d2c8644fd63b363711f90d0993665a218993eefbd7df302b4c72c8cd
606,1778547600000,rl-qlearn,BTCUSDT,buy,81182.148963156,0.024635957849646076,2000.0,1.2,-1.79986,9912.947482,ALLOW_CAPPED,081d3f04d99c5ae6973229f876e6c78b2e5bc5c84b1584c47d1969934bdb31bd
607,1778551200000,rl-qlearn,BTCUSDT,buy,81248.668914486,0.02461578788576825,2000.0,1.2,-1.79986,9910.396823,ALLOW_CAPPED,a4c74165e2cc8bbc578584a53a167ab0081b4878742730b2a88fb80341f5f20d
608,1778554800000,rl-qlearn,BTCUSDT,sell,81006.62141700592,0.013328958475403453,1079.7338931,0.64784033586,-0.922131,9906.848221,ALLOW,fc3991a4a9c1fcaa4d75c15b4e6460ef0d1fe59748906127222356677ee036ae
609,1778558400000,rl-qlearn,BTCUSDT,buy,81221.16066393601,0.02462412484198892,2000.0,1.2,-1.79986,9905.047787,ALLOW_CAPPED,a11a11db4544cad0d430ecae805f9aa8918e99b3a33470a64b9b1524bee19755
610,1778562000000,rl-qlearn,BTCUSDT,sell,81165.04909388874,0.0246281263130599,1998.94308129,1.199365848774,-1.799083,9903.06651,ALLOW,5ab842669da5062b608e26d3a8d62c042b1242b617229f452b9f99a0af5e86f4
611,1778605200000,rl-qlearn,BTCUSDT,buy,80509.64725971,0.02484174341924951,2000.0,1.2,-1.79986,9901.271849,ALLOW_CAPPED,6ff5257c99a8421cc45ae442133934e8edff588c32d73f33e2ed4dad0a4a4c2c
612,1778608800000,rl-qlearn,BTCUSDT,sell,80608.011952644,0.02481142942930996,2000.0,1.2,-1.80014,9903.11491,ALLOW_CAPPED,2963f3be1f499da66dd4c4e3e736dad58173fc4ef0bca77844209444073d59b1
613,1778720400000,rl-qlearn,BTCUSDT,sell,79536.13359119999,0.025145803670563176,2000.0,1.2,-1.80014,9901.290187,ALLOW_CAPPED,ce382d6909956da8d1ac49ac87c9c2caa55810689f9d8e09b68f6e97667a2ecc
614,1778724000000,rl-qlearn,BTCUSDT,sell,79308.102016638,0.025218104445122406,2000.0,1.2,-1.80014,9905.220575,ALLOW_CAPPED,a4d30dea23f0529c61050bf17ac53a88e3e02b8ceda578b138792facacb818d5
615,1778727600000,rl-qlearn,BTCUSDT,sell,78992.4148665725,0.012445665894131661,983.1132036,0.5898679221600001,-0.834863,9920.484758,ALLOW,2f0d71b5c097ba7453be8715ab0ed4e6bf77ab8ff1da8072ac176b8911806d75
616,1778738400000,rl-qlearn,BTCUSDT,buy,79781.528875152,0.025068459180943338,2000.0,1.2,-1.79986,9871.877453,ALLOW_CAPPED,39177a53eadedb23f391ba4197979afa519b644a43168c851ebfa2bcd6bea70e
617,1778742000000,rl-qlearn,BTCUSDT,buy,79713.90859379999,0.0250897244317983,2000.0,1.2,-1.79986,9872.627342,ALLOW_CAPPED,d589fdecf260c46512a481a64a1cbf98efaf9e9437526ba9facca023575d7d66
618,1778745600000,rl-qlearn,BTCUSDT,buy,79794.77454834686,0.012625301843538718,1007.43311421,0.604459868526,-0.856645,9870.699804,ALLOW,2e4166f015d2013b67ba5695f7dea58fd4a8024831c0ef85d12a47972fd6d087
619,1778749200000,rl-qlearn,BTCUSDT,buy,79623.981622002,0.02511806065532589,2000.0,1.2,-1.79986,9868.900496,ALLOW_CAPPED,cf662dcfc38e074eb1cddd104887b7a18eeb46f6974028eb2c141d924275dffa
620,1778752800000,rl-qlearn,BTCUSDT,sell,79509.14169066,0.025154340211358883,2000.0,1.2,-1.80014,9865.415147,ALLOW_CAPPED,3130de9c3aa2b2ca9af261ede6070ecf3c2f4d0928622e042f892cd27b795a2d
621,1778756400000,rl-qlearn,BTCUSDT,buy,79238.566024296,0.025240234652741736,2000.0,1.2,-1.79986,9863.627837,ALLOW_CAPPED,d07dea19498a7fbd0edb7f3be74f9ec4515c142544fe61a17a719035681ef658
622,1778760000000,rl-qlearn,BTCUSDT,sell,79707.58214463,0.02509171582160133,2000.0,1.2,-1.80014,9874.848947,ALLOW_CAPPED,d5dc1e4ea2d5cd5eaac717f578eb0890b19f72594e12854d8cc411ec463aefb6
623,1778763600000,rl-qlearn,BTCUSDT,sell,79630.505273088,0.0251160028828289,2000.0,1.2,-1.80014,9873.040397,ALLOW_CAPPED,a794743c26ff8eb88f4790c9f13ba9235a9ca417520e6ebdb36248e7af517b4b
624,1778767200000,rl-qlearn,BTCUSDT,buy,80932.874198172,0.024711837060213702,2000.0,1.2,-1.79986,9839.876852,ALLOW_CAPPED,ea2dd555be3350d13e558834d16e092320ab11e48ec0afb5809c456a5be9683a
625,1778781600000,rl-qlearn,BTCUSDT,buy,81545.557960422,0.024526167335450655,2000.0,1.2,-1.79986,9837.89625,ALLOW_CAPPED,0cea81bc24863d23ec510936e662c75ed0ff2c324bf52fb0463f31da4ae80027
626,1778785200000,rl-qlearn,BTCUSDT,sell,81348.30479124714,0.024238316352379042,1971.74594626,1.183047567756,-1.771923,9832.526013,ALLOW,0e754b808c5bbf8da5b5cd702650d708cf4a9cb899572374963fd46be92b2c75
627,1778850000000,rl-qlearn,BTCUSDT,buy,78755.12102463,0.025395173976997847,2000.0,1.2,-1.79986,9830.745266,ALLOW_CAPPED,b602dbdaa4e1a570eb81256fd2221ea4862c16ac0a24975b1965ee3a58302be7
628,1778853600000,rl-qlearn,BTCUSDT,sell,79098.66486244799,0.025284876849413145,2000.0,1.2,-1.80014,9838.86927,ALLOW_CAPPED,7ca9f74617a58e255405dc50400d69625eeaf08bdb02f22dc6b27dcb25f712e6
629,1778860800000,rl-qlearn,BTCUSDT,sell,79252.118815518,0.025235918356398428,2000.0,1.2,-1.80014,9837.08495,ALLOW_CAPPED,067712fa2d21bfc05abe1a26e426f854dc711b5728d637c30aeb2673a3081876
630,1778864400000,rl-qlearn,BTCUSDT,buy,79462.21926137754,0.025125324280747867,1996.51402701,1.197908416206,-1.796375,9831.204485,ALLOW,41bf0b2c07793b358ee88ad04c12636ea927294d7e102d7447d8bc96c2894a69
631,1778871600000,rl-qlearn,BTCUSDT,buy,79132.93434218399,0.025273926925945486,2000.0,1.2,-1.79986,9829.407105,ALLOW_CAPPED,17fd4e7e430fd96c53c2734177c41820e90f8f018c4c1fb0a7ada2853a5308fa
632,1778875200000,rl-qlearn,BTCUSDT,sell,79076.67707042031,0.02527397310031375,1998.58180914,1.199149085484,-1.798722,9827.386039,ALLOW,2ba6b86119d9ab79ca130014abe98fb21457b56281d2b85a99a251b55af4ed3e
633,1778878800000,rl-qlearn,BTCUSDT,buy,78977.587749078,0.02532363999713765,2000.0,1.2,-1.79986,9825.58729,ALLOW_CAPPED,cf6bc87096f5a450673918a02671aed8f87dba106172b4fee758a028562aaa73
634,1778882400000,rl-qlearn,BTCUSDT,sell,79065.17491177798,0.02529558686528712,2000.0,1.2,-1.80014,9827.204818,ALLOW_CAPPED,8bffc1ac113294bbf264c3b4e6ce067b0e034f7e8fd87d0922a8cfc40b6a48d3
635,1778889600000,rl-qlearn,BTCUSDT,buy,79118.7300819,0.025278464377900073,2000.0,1.2,-1.79986,9825.405083,ALLOW_CAPPED,4c0ed0ee92f20922d769d7176ccbe1a6497e00c2d7a72e3d541e76d21fd81299
636,1778893200000,rl-qlearn,BTCUSDT,sell,79124.65706296799,0.02527657084704184,2000.0,1.2,-1.80014,9824.955906,ALLOW_CAPPED,36c6eb8b1d7961724a650baa52dc8682e7cdca825f08cf52e8d878cc931cc702
637,1779012000000,rl-qlearn,BTCUSDT,buy,78457.03161867,0.025491660323331312,2000.0,1.2,-1.79986,9823.140056,ALLOW_CAPPED,d000680a4994083adebaa3a4dde7e4e630085ffd3c885c59d08a7c8c8c5fe6b4
638,1779015600000,rl-qlearn,BTCUSDT,sell,78356.48839268864,0.025521682817355534,1999.78944344,1.199873666064,-1.799929,9819.975126,ALLOW,cc0628ae5833e57e6e77172ed91e1de9ca9c67fd9d2b8d6e681a51692c4fe765
639,1779019200000,rl-qlearn,BTCUSDT,sell,78306.602536602,0.02554063048598184,2000.0,1.2,-1.80014,9818.175368,ALLOW_CAPPED,7454922ad379e7231bfa6da6190433e188a528d5dd8e56f426813a78b03d794d
640,1779022800000,rl-qlearn,BTCUSDT,buy,78194.24158467421,0.025540627178247743,1997.1299718,1.19827798308,-1.796991,9820.448219,ALLOW,72f0aa63285f5dac83fcaa6097de6efdab0e24a6cc54a05376ebc8f0fac2115b
641,1779030000000,rl-qlearn,BTCUSDT,buy,78036.605520264,0.0256289979127892,2000.0,1.2,-1.79986,9818.649566,ALLOW_CAPPED,0976f2e51868bea931d956925354eedd8ffe4af289bdc2f70dc4c39dbadf7cb3
642,1779033600000,rl-qlearn,BTCUSDT,sell,77976.50758809569,0.025629025103390192,1998.46187045,1.19907712227,-1.798602,9816.510201,ALLOW,7f0bafb21c527263e08eb69402f3fd88da50d71dd58a33b2c0680c7b0666752a
643,1779058800000,rl-qlearn,BTCUSDT,buy,77447.528838486,0.025823935637390407,2000.0,1.2,-1.79986,9814.714765,ALLOW_CAPPED,d277afffae23ab0f318443d6feb566d62189842b1307a31e7b0b34ad8a1b913b
644,1779062400000,rl-qlearn,BTCUSDT,sell,77157.0764105784,0.025823986413990453,1992.50329297,1.195501975782,-1.792645,9806.620373,ALLOW,0df57e4ecb70df0a598c602ce7b81ed9bc2a818afd8e6f36fc834304c4f5c59b
645,1779073200000,rl-qlearn,BTCUSDT,buy,76932.27429818398,0.025996891658865345,2000.0,1.2,-1.79986,9804.82261,ALLOW_CAPPED,03ba254eb30357ecfd0d82498aa7200588be22882f24c71afcf8c4ae3eb91eae
646,1779076800000,rl-qlearn,BTCUSDT,sell,76992.89674032001,0.02597642230224896,2000.0,1.2,-1.80014,9805.798112,ALLOW_CAPPED,1c01e5cd5820e6832e13dcd05a951130eccafc1eb44631f387c5e44c19b06798
647,1779105600000,rl-qlearn,BTCUSDT,buy,77637.885932292,0.02576061900686219,2000.0,1.2,-1.79986,9804.005873,ALLOW_CAPPED,f975fe2487fe2d6d5b298bad5b16274a0196f7178d6815b3679df7f83781e2eb
648,1779109200000,rl-qlearn,BTCUSDT,sell,76896.99288978965,0.02578106259202281,1982.48618683,1.189491712098,-1.782639,9784.321064,ALLOW,de3f8816124982e585a41b27a628586724007b27b0aedb6621591dfea8aeb704
649,1779145200000,rl-qlearn,BTCUSDT,sell,76935.81386917799,0.025995695624937552,2000.0,1.2,-1.80014,9782.520624,ALLOW_CAPPED,8682b7e1c68a6a72baf35c2adc1add1b33b2bde30d53c7514e895722006dba8c
650,1779148800000,rl-qlearn,BTCUSDT,buy,77125.032112038,0.025931917890090986,2000.0,1.2,-1.79986,9777.002277,ALLOW_CAPPED,3d35c3df2b05131c8fd3098815da1ccb7dd8f13a09079651c06921dd7fb8ac0e
651,1779152400000,rl-qlearn,BTCUSDT,buy,76651.790172576,0.026092019449214996,2000.0,1.2,-1.79986,9775.236238,ALLOW_CAPPED,7b84380b1e4bd6030cde4e947784973985faf10b1090a89992f80100b8a8a96b
652,1779156000000,rl-qlearn,BTCUSDT,sell,76557.05566341874,0.02602832890165797,1992.65222455,1.19559133473,-1.792794,9772.173642,ALLOW,2b8a154f2e7658f326f641ddb8ab3615b1d0567959c020eed4da101255f87758
653,1779195600000,rl-qlearn,BTCUSDT,buy,76866.954706878,0.026018983158975616,2000.0,1.2,-1.79986,9770.371724,ALLOW_CAPPED,4768b990c929ed492f74f7caa8bff5e7352ee5091355ab83a1b40d1fcbdcea8a
654,1779199200000,rl-qlearn,BTCUSDT,sell,76350.1409747191,0.026018972420729165,1986.55221234,1.191931327404,-1.7867,9756.336357,ALLOW,01f00a149865a028564434dd200c98abe95d366aad8e9b28f3d91a78fdfe6096
655,1779224400000,rl-qlearn,BTCUSDT,sell,76922.517858912,0.026000188965061108,2000.0,1.2,-1.80014,9754.531758,ALLOW_CAPPED,f86bb9a8b7d952759cebc1f438c890416b9e8e52b617afa72aa105cb7aae0a8f
656,1779228000000,rl-qlearn,BTCUSDT,sell,76664.395313748,0.026087729405743398,2000.0,1.2,-1.80014,9759.446878,ALLOW_CAPPED,87115c14647ee2d48299ca3f6839f76b791803d63d5fd505df70618c159d53af
657,1779231600000,rl-qlearn,BTCUSDT,buy,76826.842676076,0.02603256791942594,2000.0,1.2,-1.79986,9751.583078,ALLOW_CAPPED,76c638c89dc266081672a8c7fee297f57eb4b045197bd62020ecead9c11aba3e
658,1779235200000,rl-qlearn,BTCUSDT,buy,76786.130465262,0.026046370456247938,2000.0,1.2,-1.79986,9750.843987,ALLOW_CAPPED,ada1897a9d5f0992617db09f195ad9f5893c85c808729791a7a85a0761759df7
659,1779267600000,rl-qlearn,BTCUSDT,buy,77469.135318918,0.025816733228873397,2000.0,1.2,-1.79986,9749.032678,ALLOW_CAPPED,a1c5ecaf9f4c0b0bcb3073be9953b4e60d89515976c85cf003ea8114e64308d0
660,1779271200000,rl-qlearn,BTCUSDT,sell,77448.56477436019,0.025807705763731658,1998.76977152,1.199261862912,-1.79891,9747.901988,ALLOW,b8902343af5fbf89a6a28aa1de4ce7d730999df482abdadb11206624288cecfa
661,1779336000000,rl-qlearn,BTCUSDT,sell,77965.50488977799,0.025652370273590297,2000.0,1.2,-1.80014,9746.097845,ALLOW_CAPPED,ea3d5f862d8eec2f98641b43f348613bb7a77c0f1a4c9c6b672e2404bc9a4308
662,1779339600000,rl-qlearn,BTCUSDT,buy,77809.12170674605,0.025652419383972398,1995.99222192,1.197595333152,-1.795854,9749.51356,ALLOW,41234cffc932aa81eedd75c897744556035244e3ae9b3c77e2b69f753a9c1ce5
663,1779343200000,rl-qlearn,BTCUSDT,buy,77611.17792175799,0.025769483901098063,2000.0,1.2,-1.79986,9747.715222,ALLOW_CAPPED,9917947fcd5dac0f5a6875ac50e71943f09954f3ec4eaa04d588f4c934cc669d
664,1779346800000,rl-qlearn,BTCUSDT,sell,77830.14550707,0.02569698395101063,2000.0,1.2,-1.80014,9752.757414,ALLOW_CAPPED,cb6abd31eea3e84356b4ca38d1d48a84ce558b1466c655f647fe6abb07cd1fce
665,1779379200000,rl-qlearn,BTCUSDT,buy,77193.052513398,0.025909067395059555,2000.0,1.2,-1.79986,9750.913251,ALLOW_CAPPED,f833e13ac4f204203ab221643fb7bf185b76614269e5525682400b74865bbef7
666,1779382800000,rl-qlearn,BTCUSDT,sell,77811.6510567,0.02570309166865814,2000.0,1.2,-1.80014,9766.388336,ALLOW_CAPPED,d855463f8d7ea8904c2c4f06ac92b43eb5d25e8b6cf204c1ae63614ace2a8221
667,1779487200000,rl-qlearn,BTCUSDT,sell,75679.690794048,0.026427169284329245,2000.0,1.2,-1.80014,9764.010721,ALLOW_CAPPED,5f4acc4908c2aec57b0cbacdb13187e66bf33119a8e8925b95bd5f1dd01c5d4e
668,1779490800000,rl-qlearn,BTCUSDT,buy,75536.36188297893,0.026148572080423118,1975.16800339,1.185100802034,-1.775062,9767.168753,ALLOW,78233233ce4857974abf17436f7def5750e070a4808239c40590b6f4728e6368
669,1779494400000,rl-qlearn,BTCUSDT,sell,75316.099896774,0.026554747294949423,2000.0,1.2,-1.80014,9765.369981,ALLOW_CAPPED,8f3c42f4a294cfb1c516b059dbf1d2bd824d796e9f2961cc4d5c1b250c094f1e
670,1779498000000,rl-qlearn,BTCUSDT,buy,75482.53947919799,0.026496193872109643,2000.0,1.2,-1.79986,9760.350739,ALLOW_CAPPED,12951b8210e859a44a58712efac13f802778a593d75e17f89f9441f642a40e8b
671,1779526800000,rl-qlearn,BTCUSDT,sell,74591.91720228601,0.026812556574678122,2000.0,1.2,-1.80014,9758.606718,ALLOW_CAPPED,3f91d8d4866a2cfa101d0afcc687a1bea012b9a2e52f8617ac3b6394d3e7b9b3
672,1779530400000,rl-qlearn,BTCUSDT,buy,74697.303963498,0.026774728054138757,2000.0,1.2,-1.79986,9755.177995,ALLOW_CAPPED,978dd991f58eeb87c9f65a26cb4f15c6d374edabff86fdd66f2922897317c79f
673,1779595200000,rl-qlearn,BTCUSDT,buy,76757.22179468398,0.02605618016438572,2000.0,1.2,-1.79986,9753.163567,ALLOW_CAPPED,126f845742a2a788d855e39d808bc7a45875dac0a8ae13ad75a506b6dc1d8317
674,1779598800000,rl-qlearn,BTCUSDT,sell,76745.40059737323,0.025959763002112602,1992.29241101,1.195375446606,-1.792434,9752.258691,ALLOW,4a9825f1e3906895c98d2832989d0c5df4b3820db86abfb072c0e829518241f5
675,1779969600000,rl-qlearn,BTCUSDT,buy,73513.24882982399,0.027205980307438257,2000.0,1.2,-1.79986,9750.484319,ALLOW_CAPPED,8a07471d69ac8cbc67cbdfa93bf2dd5acffc5977d0f8bdcab2b21ddbd28259b4
676,1779973200000,rl-qlearn,BTCUSDT,sell,72968.55831917126,0.027206344139985836,1985.20770903,1.191124625418,-1.785357,9735.078102,ALLOW,a2037159934c368d398e48a8dad27983c1dea9ff0507f208078222dbdfe56b8e
677,1779976800000,rl-qlearn,BTCUSDT,buy,73019.800829958,0.027389830939931234,2000.0,1.2,-1.79986,9733.278181,ALLOW_CAPPED,543241a096c9a23b59c3da971456a5e5b4993df08ce7269ea352e6cc19bc1e20
678,1779980400000,rl-qlearn,BTCUSDT,sell,72880.44466126231,0.02738990090370595,1996.18815709,1.1977128942539998,-1.796328,9728.864163,ALLOW,b0acdb8c186e9d2fb20d7a44dfa6cf358e437f4aa71dc2bca6534b085a564860
679,1780081200000,rl-qlearn,BTCUSDT,sell,73468.95416982,0.027222382877223145,2000.0,1.2,-1.80014,9727.059189,ALLOW_CAPPED,350d392360886a6db62555c8bcac57c4bb8307ba04597f00026e11530a6a63ce
680,1780084800000,rl-qlearn,BTCUSDT,buy,73668.39536292599,0.027148684183319546,2000.0,1.2,-1.79986,9721.030417,ALLOW_CAPPED,be18852bd9901ee6c712f210b7d11c826c94206b52fc9ba5b5cb6ee01f0d2111
681,1780149600000,rl-qlearn,BTCUSDT,buy,73912.16847779999,0.027059143862092388,2000.0,1.2,-1.79986,9719.210596,ALLOW_CAPPED,a874a4f04041cd2019c82793a188fd6fc00a502e0f7b0b747b961d47535bf21c
682,1780153200000,rl-qlearn,BTCUSDT,sell,73862.86104832035,0.026985319865095125,1993.21293154,1.195927758924,-1.793354,9717.282355,ALLOW,c9e43c1f326b97ad8feb338913cb8d797ca938f9459103579537704019a4cc0a
683,1780297200000,rl-qlearn,BTCUSDT,buy,72807.137045706,0.0274698344304414,2000.0,1.2,-1.79986,9715.491387,ALLOW_CAPPED,d54a2c789dff539ca64a65feb47290192ccd184ce416ea3039328c85d55a271b
684,1780300800000,rl-qlearn,BTCUSDT,sell,72863.23592770202,0.027448684848206367,2000.0,1.2,-1.80014,9716.43193,ALLOW_CAPPED,9f9aad2a0f231aa3934e1cd3ed734abb15746dca6ff4f7eea50f368385e73854
685,1780311600000,rl-qlearn,BTCUSDT,buy,72493.84307944201,0.027588549800130063,2000.0,1.2,-1.79986,9714.626674,ALLOW_CAPPED,ee2c8db2f4c310afdedef2187ee41ac8b4d7c6c661f5ac5956235c86bf8d7147
686,1780315200000,rl-qlearn,BTCUSDT,sell,72189.66278992934,0.027609886438866284,1993.14839169,1.195889035014,-1.79329,9705.634884,ALLOW,049f45b56da5a5a7e77752b00b78a739c50f498aac5fc9040e08640d638d04c1
687,1780354800000,rl-qlearn,BTCUSDT,buy,71419.820947968,0.02800343060866919,2000.0,1.2,-1.79986,9703.841749,ALLOW_CAPPED,35a44690a5f5962b0d942caf6ab6c3e6d6b44b980e1e9e90b7e022fd4a65a2e3
688,1780358400000,rl-qlearn,BTCUSDT,sell,71253.5355179068,0.028003551650690316,1995.35206217,1.197211237302,-1.795493,9698.588854,ALLOW,c99ca9653380527114f805b45af8d2e52ede4ea148877582d61009ea53768fa1
689,1780376400000,rl-qlearn,BTCUSDT,sell,70228.326584988,0.0284785370413129,2000.0,1.2,-1.80014,9696.797322,ALLOW_CAPPED,92bbf2b35adee800c5405e00010cb124adffbf7b4ddce0ec59c0c7b58144502e
690,1780380000000,rl-qlearn,BTCUSDT,buy,70113.01745642952,0.028478391643332386,1996.70597042,1.198023582252,-1.796567,9699.484598,ALLOW,184e54bd2f3c562205ddea7ad8ba3b7919e402a05f501aa506d677ce9df97669
691,1780444800000,rl-qlearn,BTCUSDT,buy,66920.27139800398,0.02988631035437871,2000.0,1.2,-1.79986,9697.711994,ALLOW_CAPPED,d4baf7f8c3d38c3f03059c08fa6dbb43053c356d0600320a8ae4980862b25351
692,1780448400000,rl-qlearn,BTCUSDT,sell,66859.94327153082,0.0298867337289658,1998.22532169,1.1989351930140002,-1.798365,9695.310098,ALLOW,ab32902d60434b6e9e86f00d2a3ffb1b5c5ad44c14999afa4bcbc4799f7ba1aa
693,1780614000000,rl-qlearn,BTCUSDT,buy,63872.357237063996,0.031312450119492935,2000.0,1.2,-1.79986,9693.537366,ALLOW_CAPPED,7ac741ffc54cb54aba416af68787d32eb557403773e61b3b075e225ab6d4671b
694,1780617600000,rl-qlearn,BTCUSDT,sell,63374.33262029015,0.03131285620694106,1984.43136455,1.19065881873,-1.784582,9677.356311,ALLOW,caf6f0f6f53615a28f938c5f133554fdf4f7c0fd6c7ee9eac9f84d16775581c6
695,1780671600000,rl-qlearn,BTCUSDT,buy,60423.422798106,0.033099746876019256,2000.0,1.2,-1.79986,9675.584445,ALLOW_CAPPED,e346b152e9024180c510daf5d733b0b9bb13d91ca56e28197f815375cbbe15b4
696,1780675200000,rl-qlearn,BTCUSDT,sell,61341.99310720801,0.03260409221631551,2000.0,1.2,-1.80014,9705.388925,ALLOW_CAPPED,799ff07bc45b087dd005a1e125baa7dbb3e382df4599e69e4b29d282810d9ea8
697,1780765200000,rl-qlearn,BTCUSDT,sell,60532.33606101,0.03304019190642532,2000.0,1.2,-1.80014,9703.194942,ALLOW_CAPPED,04b90a028dc194abb2f8dd90b2a20ae03bfd0527106d9d0036b0682d0aafdc58
698,1780768800000,rl-qlearn,BTCUSDT,buy,60627.8025409047,0.03254418600292811,1973.08248284,1.183849489704,-1.772982,9699.494769,ALLOW,38f79c94b150c184324631a8f94ca91b09f9ce7a349aa541ac95e8469ebc5d68
699,1780920000000,rl-qlearn,BTCUSDT,buy,63858.753156791994,0.03131912073336936,2000.0,1.2,-1.79986,9697.663514,ALLOW_CAPPED,e902d69ae4c1c9b4582f251bf7d900e009b0d9132f073a7e56272ab2210ef4a1
700,1780923600000,rl-qlearn,BTCUSDT,sell,63704.599613208346,0.03131878804880411,1995.15085302,1.197090511812,-1.795291,9692.239463,ALLOW,3fe233ed312f2ebed4708a0fb8ac2741ce8d6344e3a8f7805aca7082d5551e8b
701,1780995600000,rl-qlearn,BTCUSDT,sell,62670.294523782,0.03191304612811487,2000.0,1.2,-1.80014,9690.449035,ALLOW_CAPPED,830b81743eb926e1baecf935ec71c540d1a1000a41f5b46ff9e0524fc7fba40a
702,1780999200000,rl-qlearn,BTCUSDT,buy,62768.926285001995,0.03186289966023969,2000.0,1.2,-1.79986,9686.701907,ALLOW_CAPPED,053afe036f050b00ec2666536fb27c80ee3a250d3d02344cf24844c0a9947097
703,1781002800000,rl-qlearn,BTCUSDT,buy,62702.906483681996,0.031896448062108354,2000.0,1.2,-1.79986,9684.905976,ALLOW_CAPPED,9b5c7414dd3ffe34505aa676bf99eb4647be76512f752e2e1c194a63adbfd76e
704,1781006400000,rl-qlearn,BTCUSDT,sell,62595.137638367385,0.03184645702189709,1993.43336058,1.196060016348,-1.793575,9680.87745,ALLOW,8ab34e7fc8d540414c605e6f0db85de46c93582e82aa5e664f112dc64999a3c5
705,1781085600000,rl-qlearn,BTCUSDT,buy,61376.60868716399,0.032585703947801706,2000.0,1.2,-1.79986,9679.089573,ALLOW_CAPPED,763d9b23831af17d95ff461a3e13a9b23f1d41f15ce4a0a4c3ad9eb7f2dffda8
706,1781089200000,rl-qlearn,BTCUSDT,sell,60985.03910562903,0.032585915459658575,1987.2533286,1.19235199716,-1.7874,9665.740893,ALLOW,27d6ff8e4640d6974de5886ca4cee7040493dbab18f8d4cd67023fa7c76c3740
707,1781128800000,rl-qlearn,BTCUSDT,buy,61370.306797038,0.03258905005338068,2000.0,1.2,-1.79986,9663.937633,ALLOW_CAPPED,880dd11b5c4a818f7b876b20bea4f180c20a297c4e1c51b4936663702f97756f
708,1781132400000,rl-qlearn,BTCUSDT,sell,61464.856239666005,0.032538919349319344,2000.0,1.2,-1.80014,9666.418412,ALLOW_CAPPED,6d18ba3e1bbe78aa700a0f80b30049122549895eadd0ff9f45141d7063855d75
709,1781157600000,rl-qlearn,BTCUSDT,sell,62709.98261457601,0.031892848899229796,2000.0,1.2,-1.80014,9664.668561,ALLOW_CAPPED,e70ed3f4981ff80c187c5fd5f050682c09d18e825a919ce58182f95d17202b61
710,1781161200000,rl-qlearn,BTCUSDT,buy,62701.69548327417,0.031842924443129285,1996.60535173,1.197963211038,-1.796466,9664.334123,ALLOW,d9e18dde6eacf3d3d72564116f5fc4899f0bd4b4ce7a55b09df5d99c51503895
711,1781226000000,rl-qlearn,BTCUSDT,buy,63419.021268,0.03153627981025246,2000.0,1.2,-1.79986,9662.527416,ALLOW_CAPPED,7d2d13d6c2e3e625df8f9f752d1f1994528c7ddaac59fc2a700849f759d9abc4
712,1781229600000,rl-qlearn,BTCUSDT,sell,63571.42412181,0.03146067635936195,2000.0,1.2,-1.80014,9666.733118,ALLOW_CAPPED,8cfa2ab96587719d5696ac7d877c606270e67be2afc7f78e825af82e27fd04e9
713,1781236800000,rl-qlearn,BTCUSDT,buy,63686.001343338,0.031404075586686425,2000.0,1.2,-1.79986,9664.938305,ALLOW_CAPPED,163db9fad5ed71868591c1e4353c16a36e9953a5c6e92e11c08df861d6b36dee
714,1781240400000,rl-qlearn,BTCUSDT,sell,63301.12837176754,0.03147956266603844,1992.69183741,1.195615102446,-1.792834,9652.23163,ALLOW,13cd3e462188aa13dc6693de6ae80458349dc8df45a787fe45f094d0e1fd91f8
715,1781262000000,rl-qlearn,BTCUSDT,buy,63741.818084454,0.03137657600776499,2000.0,1.2,-1.79986,9650.427973,ALLOW_CAPPED,9e061a60274178ee7a37a182a97044f77df743669c5ce96dbd23182c14ffe311
716,1781265600000,rl-qlearn,BTCUSDT,sell,63412.50459354241,0.031376540392833135,1989.66501179,1.193799007074,-1.789809,9639.504051,ALLOW,ffcba88cc67150a6cbdc1e49d86d2678d6815178d85dc42fb92d6e50a2a0ece1
717,1781283600000,rl-qlearn,BTCUSDT,buy,63848.950216596,0.031323929261410914,2000.0,1.2,-1.79986,9637.700449,ALLOW_CAPPED,741063b8b05d55cbad58c14ac8ab6d0350470eb8dee42759af21d42c03cc46f3
718,1781287200000,rl-qlearn,BTCUSDT,sell,63643.4230158592,0.03132391960538056,1993.56146596,1.1961368795760001,-1.793703,9630.667824,ALLOW,90b864297d70c397c2d7ba6155f26c8efc0e3ce56224bd45fc5f044f6c49fc9b
719,1781298000000,rl-qlearn,BTCUSDT,buy,63466.435488948,0.031512719827290106,2000.0,1.2,-1.79986,9628.869983,ALLOW_CAPPED,beb5ee90eefa2ffc6070f8572b0d73ec2bd414f8d2f5cf3576c9fd8f85bfea22
720,1781301600000,rl-qlearn,BTCUSDT,sell,63459.45840396879,0.03151278622675627,1999.78434675,1.1998706080500001,-1.799924,9628.049813,ALLOW,55a5f2109cf83f4b23153e2ca3acc036b8e900b1a26f3b7410ec571333c8970e
721,1781362800000,rl-qlearn,BTCUSDT,sell,64239.023795166,0.031133723426078907,2000.0,1.2,-1.80014,9626.242301,ALLOW_CAPPED,4f54cec58b21aadd5e937ec4ad5ac674416df60156b830fa8209c3bb211328ed
722,1781366400000,rl-qlearn,BTCUSDT,buy,64009.575566736254,0.031133846624435805,1992.86430819,1.195718584914,-1.792728,9632.792831,ALLOW,85d0145a0bffd94ea2a7c6d7a2c9fdc656d99cd1ce3e13804314f7f78dc1ff40
723,1781424000000,rl-qlearn,BTCUSDT,buy,64441.627978446,0.031035839142191542,2000.0,1.2,-1.79986,9630.988941,ALLOW_CAPPED,4c0e7722272e052d0c8d3c397433cf4a7c9476759d123daf032616c4b57c3565
724,1781427600000,rl-qlearn,BTCUSDT,sell,64564.526121678005,0.03097676263016024,2000.0,1.2,-1.80014,9634.202685,ALLOW_CAPPED,e6aa478af8c5bf6113f83720d4f3b37297554224f02f9898e47ccbe50e3b5698
725,1781528400000,rl-qlearn,BTCUSDT,buy,66418.720967976,0.030111992083742573,2000.0,1.2,-1.79986,9632.49311,ALLOW_CAPPED,b55d3b0de5d0128f6b67f69768a010edfb2d8010ef66323157e4923eb5757369
726,1781532000000,rl-qlearn,BTCUSDT,sell,66527.33714094601,0.030062829596843237,2000.0,1.2,-1.80014,9635.171989,ALLOW_CAPPED,06863e7d7a30b34ba95d4617156075c95ef74ff43b83f97b022c4e2c0e7773ff
727,1781539200000,rl-qlearn,BTCUSDT,sell,67098.065882364,0.029807118486938063,2000.0,1.2,-1.80014,9633.428316,ALLOW_CAPPED,1e177f41ba6355fbbfd48a77d8b81afe6697fa6144fc39e0e49edb6b70e2f85d
728,1781542800000,rl-qlearn,BTCUSDT,buy,66832.69464973119,0.029699321211762386,1984.88566585,1.19093139951,-1.784759,9640.719415,ALLOW,609f2338dcbb7f44ba7b65694d94cf82dd0382b2eb43e310b1f4f920a92c995a
729,1781600400000,rl-qlearn,BTCUSDT,buy,66502.246019646,0.030074172222832336,2000.0,1.2,-1.79986,9638.922491,ALLOW_CAPPED,84ad270988de1608fbecd3403bc9bd9aed3403399f57c2e9dca9beab223108a1
730,1781604000000,rl-qlearn,BTCUSDT,sell,66456.458409528,0.030094892924857636,2000.0,1.2,-1.80014,9636.944966,ALLOW_CAPPED,6dc1edd28e46405b2bb7889f637a78474a9ba6019fa5372dc873a68cf8546513
731,1781755200000,rl-qlearn,BTCUSDT,sell,63830.546366994,0.031332960687834185,2000.0,1.2,-1.80014,9635.222599,ALLOW_CAPPED,f7cb1c7de7022ee72df42cbdd8d111affd731672c5428a784e064b5f79f402f8
732,1781758800000,rl-qlearn,BTCUSDT,buy,63989.1922794,0.03125527809864009,2000.0,1.2,-1.79986,9629.649822,ALLOW_CAPPED,7cb6c4c34c87c87498b1915e95d31775d30d5a431fea1a211ac3e174d2dfe005
733,1781784000000,rl-qlearn,BTCUSDT,buy,64366.305386939996,0.031072157831289825,2000.0,1.2,-1.79986,9627.809513,ALLOW_CAPPED,7f0afdff6d516f6b98f2a2e32d1377660d89f7fb63718ce97dc1d52aebf397ef
734,1781787600000,rl-qlearn,BTCUSDT,sell,63931.379373882104,0.030974127582784162,1980.21870127,1.188131220762,-1.780376,9613.751568,ALLOW,4c861c4ecef0845ddfc83217800d721d33276a969cbf955a9b9f9cffae489c65
735,1781798400000,rl-qlearn,BTCUSDT,buy,62687.501863374,0.031904286190235415,2000.0,1.2,-1.79986,9611.963578,ALLOW_CAPPED,4120df6c5913cb5d4cc0284cbb5cb532e8ca1cc614a91972fec8cc6143fe92b4
736,1781802000000,rl-qlearn,BTCUSDT,sell,62554.84235269335,0.03190458922168589,1995.78654909,1.197471929454,-1.795927,9607.134435,ALLOW,66c4c6f4082bed213886becace1f1329de265613358db40606137a96b782118f
737,1781823600000,rl-qlearn,BTCUSDT,sell,62901.1252584,0.03179593356691046,2000.0,1.2,-1.80014,9605.330982,ALLOW_CAPPED,4a047143baaf1db930e3d57675665b68e1e3dc22c98fa259ff1fe405913d412c
738,1781827200000,rl-qlearn,BTCUSDT,buy,63010.998889842,0.031740490314976104,2000.0,1.2,-1.79986,9601.237945,ALLOW_CAPPED,25764d1633d28a76c89967e98390fb1ec5fea40e32d5b15736e5406737a55bf7
739,1781852400000,rl-qlearn,BTCUSDT,buy,62612.079241866006,0.031942718149865976,2000.0,1.2,-1.79986,9599.46401,ALLOW_CAPPED,19988fddb55ea9068dcfbaef93308159ecedd1bc3f36a477a2e7e5a6a35d8bee
740,1781856000000,rl-qlearn,BTCUSDT,sell,62558.444304021534,0.03188726816136258,1994.81788928,1.196890733568,-1.794959,9597.15582,ALLOW,3b747f4e7a203e712c18558fbe6ae9704f7f2cb25635a3a525411e05df96d2d2
741,1781866800000,rl-qlearn,BTCUSDT,sell,62583.420592044,0.03195734558897301,2000.0,1.2,-1.80014,9595.355441,ALLOW_CAPPED,b3ffb83c7f6aac45bd70f1da0aeb5583bac297cbe0cf37eca47e43cbdfc83aaf
742,1781870400000,rl-qlearn,BTCUSDT,buy,62818.941286002,0.0318375311499505,2000.0,1.2,-1.79986,9587.229331,ALLOW_CAPPED,e1dbdac925f8955c93c3652ccc34abd776a9f28061b753d97d5839abf3967be1
743,1778400000000,rl-qlearn,BTCUSDT,sell,80774.86188598201,0.024760178517211278,2000.0,1.2,-1.80014,9998.19986,ALLOW_CAPPED,31b6a774e3f489a9e92399684561f66cff15aa4c88bcf4f01db6831e631f1d4e
744,1778403600000,rl-qlearn,BTCUSDT,buy,80794.43220919569,0.02475275233931753,1999.88457087,1.199930742522,-1.799745,9997.115685,ALLOW,d3d9b9fbb13b4ea262a55d8ca286db99fa03dd644245caac6ef2532c0d0c10c4
745,1778414400000,rl-qlearn,BTCUSDT,buy,80914.26861779999,0.02471751934689092,2000.0,1.2,-1.79986,9995.314935,ALLOW_CAPPED,15ecadc5c7d3aa67b5d2d6cc87fbb35397fa6c4c674e1aaaa7d1f5be15093a77
746,1778418000000,rl-qlearn,BTCUSDT,sell,80909.22207718305,0.024717507771638534,1999.87432549,1.199924595294,-1.800014,9994.58981,ALLOW,3456672581802875b37a7f9e0ccfb455b319453307821aed4e7f4caa57e00621
747,1778421600000,rl-qlearn,BTCUSDT,sell,80918.11889884798,0.024716343227159147,2000.0,1.2,-1.80014,9992.789604,ALLOW_CAPPED,ae245c16a2b86bfde514e9a1965452c62630837b57e4bde6dbeab0797d0ec217
748,1778425200000,rl-qlearn,BTCUSDT,buy,81388.41082728001,0.02457352317941603,2000.0,1.2,-1.79986,9980.566207,ALLOW_CAPPED,79538c0d89dbdd5b856d93d0a811338afb0d0610b0ed1dfb785bef9941d4fa50
749,1778428800000,rl-qlearn,BTCUSDT,sell,81304.502956578,0.024598883546070417,2000.0,1.2,-1.80014,9978.771768,ALLOW_CAPPED,7641706af39c2596960e8ae50a6d89a119678fd5f4f571aea282b3d1249506f8
750,1778432400000,rl-qlearn,BTCUSDT,buy,81454.33059859798,0.02455363619469024,2000.0,1.2,-1.79986,9974.472247,ALLOW_CAPPED,4567108b32b529d9139491d4e23f6d1f79567e19ae42ce4f7f420af9de38efdc
751,1778450400000,rl-qlearn,BTCUSDT,buy,82024.50160999798,0.02438295827153456,2000.0,1.2,-1.79986,9972.560962,ALLOW_CAPPED,334d6aa8eb5dc2241fbb97e91f6fb5cc54cd9cc030203b1e35ada67176bf8660
752,1778454000000,rl-qlearn,BTCUSDT,sell,82138.50480754436,0.024194718861226046,1987.3180315,1.1923908188999999,-1.787465,9974.720894,ALLOW,69dde372939753d371a0dcc3409a8294acd084d75a20089abcad52eec56d81b2
753,1778461200000,rl-qlearn,BTCUSDT,buy,81494.24256939601,0.024541611001500017,2000.0,1.2,-1.79986,9972.926027,ALLOW_CAPPED,aeb3b1d844c871d2cb8ade0c8daf3d05e154bf45f6dd8f2c312132c43d66f827
754,1778464800000,rl-qlearn,BTCUSDT,buy,81170.745542928,0.024639418877116008,2000.0,1.2,-1.79986,9963.191752,ALLOW_CAPPED,00b4263858a26d441ecd9e101d18fa6e0ab7b2fdcfa576107a2dd35d6b4a32de
755,1778468400000,rl-qlearn,BTCUSDT,sell,80691.886784322,0.024785639296621195,2000.0,1.2,-1.80014,9940.232131,ALLOW_CAPPED,813a955f10cc717b4099aadfc378742bb8a1f2324ffa5a925f99abd5c43a83de
756,1778472000000,rl-qlearn,BTCUSDT,sell,80775.861586002,0.0247598720797376,2000.0,1.2,-1.80014,9940.480596,ALLOW_CAPPED,12e5461582442b936ea99b3fad5c599bb2468c2fc7ef18b330ca5e305a4a3249
757,1778475600000,rl-qlearn,BTCUSDT,buy,80837.845696272,0.02474088692955154,2000.0,1.2,-1.79986,9938.675717,ALLOW_CAPPED,1f304b0b56aaaca962fcbd0f9d6cae708a9885fcc6069aaa0e03f860eeb7235c
758,1778479200000,rl-qlearn,BTCUSDT,sell,80769.863385882,0.02476171081836429,2000.0,1.2,-1.80014,9936.400379,ALLOW_CAPPED,22b19ffa85f6ef4630b2e033fc62b61eb43371ab726ceba78c191f46e8301105
759,1778482800000,rl-qlearn,BTCUSDT,sell,80683.08942414602,0.024788341823230437,2000.0,1.2,-1.80014,9934.634312,ALLOW_CAPPED,caebd989ab1dccc380257e2daf266816b187f8f0fda755efebfdaad64794d5fb
760,1778486400000,rl-qlearn,BTCUSDT,buy,80745.017854416,0.024769330085554233,2000.0,1.2,-1.79986,9932.697772,ALLOW_CAPPED,0242c90be9bb628f0e48a69329c62614e698f5c4c1da16fa6dadb9c6d0363a22
761,1778490000000,rl-qlearn,BTCUSDT,buy,80949.87929851201,0.024706645857058902,2000.0,1.2,-1.79986,9930.813624,ALLOW_CAPPED,3f2afedf254dfd5c02f7f36764f40dd32bf8a1e8f3dc089c3071f5d6fa36ce5e
762,1778493600000,rl-qlearn,BTCUSDT,sell,80876.97083172636,0.02430233443732014,1965.49919343,1.1792995160580002,-1.765695,9928.4527,ALLOW,88a9bb3d1e210a23ad9640ee22b06e2623091e9972793d4e880a7b6928958175
763,1778500800000,rl-qlearn,BTCUSDT,sell,80993.19637035,0.024693432160088947,2000.0,1.2,-1.80014,9926.651717,ALLOW_CAPPED,51379217fc1f39fbaab21c61f892b22e22fa88949e7679bdcd8466c3017ef45d
764,1778504400000,rl-qlearn,BTCUSDT,sell,81002.79349054201,0.02469050650992083,2000.0,1.2,-1.80014,9924.61445,ALLOW_CAPPED,5a39fafb4bf14e014efe6cefe53943a970d0f8b14794f4b6e578286e1c4a810e
765,1778508000000,rl-qlearn,BTCUSDT,sell,80897.79968607625,0.011970323788258382,968.372856,0.5810237135999999,-0.821631,9929.186337,ALLOW,626e811b54a55a0ee2e542f1253f5b51bc8019b3e90e545e1d195ee4e98787ed
766,1778511600000,rl-qlearn,BTCUSDT,buy,81422.320997958,0.024563288978831227,2000.0,1.2,-1.79986,9897.932951,ALLOW_CAPPED,9cc70c6359f54b6dacfa713c0e14826c83c05aba612193a6770ecbcc39c878b9
767,1778515200000,rl-qlearn,BTCUSDT,buy,81544.4576304,0.0245264982822621,2000.0,1.2,-1.79986,9891.655027,ALLOW_CAPPED,d009636b03f1999a7ad1abc187543de0b29cacbb73160d83d5c5fa07e64a8ed8
768,1778518800000,rl-qlearn,BTCUSDT,sell,81864.03505777201,0.02443075275471807,2000.0,1.2,-1.80014,9885.33153,ALLOW_CAPPED,f69f1d4b736fb9a66f886ca40baaaa19ddf6755ca126ad8cef6feac3571801bd
769,1778522400000,rl-qlearn,BTCUSDT,buy,81834.04448618999,0.02443970614623004,2000.0,1.2,-1.79986,9886.434836,ALLOW_CAPPED,27156936eddc42097664e476e1e24d95f072ae780d5b656c9145fc08488a3094
770,1778526000000,rl-qlearn,BTCUSDT,sell,81891.32686831799,0.024422610751148512,2000.0,1.2,-1.80014,9883.329937,ALLOW_CAPPED,0bb50add8b1d1872fe6c149691ec6b0dce8d437e2147e9510762af8c88831bd4
771,1778529600000,rl-qlearn,BTCUSDT,sell,81746.89712063062,0.02378697674922832,1944.51154113,1.166706924678,-1.744799,9886.893513,ALLOW,98eb292c3129c3484099efa4b806354295b37b8fc8dba9e761123adab37d3165
772,1778544000000,rl-qlearn,BTCUSDT,buy,81528.45283008,0.024531313064021475,2000.0,1.2,-1.79986,9900.758993,ALLOW_CAPPED,f637313556125e80287428ec679046258c0afc59066b7be941b09cf453b172fd
773,1778547600000,rl-qlearn,BTCUSDT,buy,81182.148963156,0.024635957849646076,2000.0,1.2,-1.79986,9911.401922,ALLOW_CAPPED,3d0551f52f5dc4c7918310a86686a591ccde900f06e3d97ebb8c3b6e93d1c156
774,1778551200000,rl-qlearn,BTCUSDT,buy,81244.27524671015,0.011302307146092523,918.2477527,0.55094865162,-0.776715,9909.873419,ALLOW,7a2e6e365dbe0fe3cd7535f599acbb0ce8990c7b15b35a5e43dc551da865abf1
775,1778558400000,rl-qlearn,BTCUSDT,buy,81221.16066393601,0.02462412484198892,2000.0,1.2,-1.79986,9908.073636,ALLOW_CAPPED,65f5fd93784a18b8b9d16f1950709b7faf7406e88411b6fa93e8c81d359f8912
776,1778562000000,rl-qlearn,BTCUSDT,sell,81165.044803788,0.024641149460767123,2000.0,1.2,-1.80014,9906.091298,ALLOW_CAPPED,f127a8a930ba37b2fd7fcb7c1dbf6ca8b2c832c8c62448ada3daf95d1c72c881
777,1778565600000,rl-qlearn,BTCUSDT,buy,81012.49807976399,0.024687548803035583,2000.0,1.2,-1.79986,9904.295422,ALLOW_CAPPED,e4cb168a54560b7c69208be4209b59bb424ac542f55de9f9cacbefbc9b9e0f49
778,1778569200000,rl-qlearn,BTCUSDT,sell,80795.78128581293,0.024675138853073604,1993.64712197,1.196188273182,-1.793788,9898.352519,ALLOW,8bf1a50b19df1fae20bd7b1f95ccbe1512137019d1266b47e10791161cae4647
779,1778727600000,rl-qlearn,BTCUSDT,sell,78988.39795024201,0.025320174252171576,2000.0,1.2,-1.80014,9896.565879,ALLOW_CAPPED,16badcdc2013b5a035167da49d213fec9b2432ee1f6c6b79c4d5b2de28b0f6b9
780,1778731200000,rl-qlearn,BTCUSDT,sell,79384.379128164,0.025193873429066597,2000.0,1.2,-1.80014,9884.733489,ALLOW_CAPPED,e8a176551eb25cf69ef2ec6a0ec5dda3f38d773200329550d0b66310fe958c6b
781,1778734800000,rl-qlearn,BTCUSDT,sell,79748.14488467279,0.011326988186951683,903.30629504,0.541983777024,-0.763484,9865.807547,ALLOW,94a72809315825fb32a949c42d6a738cc360df437d5f165ad6dd0233d9009687
782,1778745600000,rl-qlearn,BTCUSDT,buy,79798.734035496,0.025063054247331313,2000.0,1.2,-1.79986,9863.366271,ALLOW_CAPPED,be01d1030129fbc97682c57a511e1f18feb3926393b5902a32a3a80ed86502e9
783,1778749200000,rl-qlearn,BTCUSDT,buy,79623.981622002,0.02511806065532589,2000.0,1.2,-1.79986,9867.992816,ALLOW_CAPPED,39bcb30fad2a928aa42f2d6b462a35e1a0ad22e36fd78db50bd3193bbc3052df
784,1778752800000,rl-qlearn,BTCUSDT,buy,79552.59784333056,0.011664440924574977,927.93657794,0.556761946764,-0.78536,9867.990333,ALLOW,50143f39395a808a411959c213128ce0ca8fa0c45970a80187650bf03649c43d
785,1778756400000,rl-qlearn,BTCUSDT,buy,79238.566024296,0.025240234652741736,2000.0,1.2,-1.79986,9866.191388,ALLOW_CAPPED,47c9052e33b8c5417286b8ebc299296e4fec092b2e253cae1e0198d3c70551d3
786,1778760000000,rl-qlearn,BTCUSDT,sell,79707.58214463,0.02509171582160133,2000.0,1.2,-1.80014,9877.431392,ALLOW_CAPPED,202aaab51bdd2d04cc21bde4989182aa21a1b0ba1ce9d69bb109f8a0db5e65de
787,1778763600000,rl-qlearn,BTCUSDT,buy,79678.297913088,0.025100937800925073,2000.0,1.2,-1.79986,9875.620302,ALLOW_CAPPED,a07d3fb145e983d444cc246a97ecab0206ab83751cff3ab0bb4ebc48b70e95c3
788,1778767200000,rl-qlearn,BTCUSDT,buy,80932.874198172,0.024711837060213702,2000.0,1.2,-1.79986,9905.484706,ALLOW_CAPPED,8ec43f4d14076ddefe3b1d788cd5e3c2e16e13311f16bb77b8686c9b44417293
789,1778770800000,rl-qlearn,BTCUSDT,buy,81252.41364401973,0.01110841846304256,902.58581189,0.5415514871339999,-0.762761,9920.903478,ALLOW,8072681a4919246381582b1ae894e0bd61943142f5f7d5f541158aeb3f07d4ac
790,1778781600000,rl-qlearn,BTCUSDT,sell,81496.64530042201,0.02454088745159236,2000.0,1.2,-1.80014,9936.997068,ALLOW_CAPPED,c486fd1c133bae3e331933063a08f7f5d184b8808a56be8a19099b360305ba13
791,1778785200000,rl-qlearn,BTCUSDT,sell,81348.189847452,0.02458567306476635,2000.0,1.2,-1.80014,9929.772824,ALLOW_CAPPED,9182fd3e08a96533635da0b2aab634a9d47358a017d9c0b5e6f78ad8e43cd487
792,1778788800000,rl-qlearn,BTCUSDT,sell,81356.87222453598,0.01194324610056679,971.66514695,0.58299908817,-0.824584,9929.001971,ALLOW,41b647752571e7b38ceea5b2001a21411f50606f9a62a4514f90fc492e01a392
793,1778792400000,rl-qlearn,BTCUSDT,buy,81374.506657002,0.024577721969241663,2000.0,1.2,-1.79986,9927.202191,ALLOW_CAPPED,492ddcda39f3a27246d09b911fb6e0e80d6b4b5e61151563c5393d1fcb0aa29b
794,1778796000000,rl-qlearn,BTCUSDT,sell,81390.377188296,0.024572929492303688,2000.0,1.2,-1.80014,9926.992038,ALLOW_CAPPED,e6fcb08e367db19273018055d2df299fae9ce312e9de2e7d8e4a5a0830423710
795,1778799600000,rl-qlearn,BTCUSDT,buy,81080.918601132,0.024666716096776897,2000.0,1.2,-1.79986,9925.191524,ALLOW_CAPPED,def4bc1dce3cf1dcd7b6fcfa43446e410b1232dbc80290b7a1d703c7629272ff
796,1778803200000,rl-qlearn,BTCUSDT,sell,81446.56032942,0.024555978692172752,2000.0,1.2,-1.80014,9933.714516,ALLOW_CAPPED,b59a0c19604d4c473d83a8656aa5a39c8f9483b9bea32c3bcf643f5e4e78f559
797,1778850000000,rl-qlearn,BTCUSDT,buy,78755.12102463,0.025395173976997847,2000.0,1.2,-1.79986,9931.605387,ALLOW_CAPPED,0b0b01b697b9e70de9e06ef6671959a32e103ddd09423c97693579fda5d33e7f
798,1778853600000,rl-qlearn,BTCUSDT,buy,79146.138302448,0.025269710473519585,2000.0,1.2,-1.79986,9939.776501,ALLOW_CAPPED,9f7fdd7101ec780a53ede6a425bc922c445f57e1688f3b25a4712c3bac426abb
799,1778857200000,rl-qlearn,BTCUSDT,buy,79150.29410402974,0.012028308566973839,952.04416065,0.57122649639,-0.80691,9939.391043,ALLOW,cec2ba0f16973fec99f93739b852d26b91640c86ade61ffd96ca9a88e97c722c
800,1778868000000,rl-qlearn,BTCUSDT,sell,79227.22628502,0.025243847270444614,2000.0,1.2,-1.80014,9944.648537,ALLOW_CAPPED,3bbf36640c939a9001ac92a8051fcf0ac4db3c9578117bccf6c45a40c265e476
801,1778871600000,rl-qlearn,BTCUSDT,buy,79132.9270979155,0.025250787453085826,1998.16872269,1.198901233614,-1.798029,9937.524229,ALLOW,bfd3d1386b3abb2dbaae97693aed0ca54f0821f4094194071cb378c0f35b9d7d
802,1778875200000,rl-qlearn,BTCUSDT,sell,79076.67146200799,0.025291909270117555,2000.0,1.2,-1.80014,9935.171338,ALLOW_CAPPED,d48c5a0b6ed197c310c8f391e3ed1c2e5b93f1e0ef7da540dd20b0a9da4720b7
803,1778878800000,rl-qlearn,BTCUSDT,buy,78977.587749078,0.02532363999713765,2000.0,1.2,-1.79986,9927.874682,ALLOW_CAPPED,99e5fb7a564714ce076078886209d4deadd133ca1d0fc0df9ec9b2028bf7d589
804,1778914800000,rl-qlearn,BTCUSDT,sell,78326.496567,0.025534143459221524,2000.0,1.2,-1.80014,9887.625726,ALLOW_CAPPED,da3487580170acc1b521e85b73e498706a43372d98077c8e9bcca010c136b532
805,1778918400000,rl-qlearn,BTCUSDT,sell,78376.481568,0.02551785892895416,2000.0,1.2,-1.80014,9887.398588,ALLOW_CAPPED,81de81e67798b6af80c7942871ca5a3193b5e0e54c5d15c19dca9019872da0fc
806,1778922000000,rl-qlearn,BTCUSDT,sell,78050.19361875659,0.01179532455456664,920.62736528,0.5523764191680001,-0.778922,9882.721091,ALLOW,4eeb7bb36558155065dab1bd6638ee29ed302a06bf0f432d19d6822f1635e3f6
807,1778925600000,rl-qlearn,BTCUSDT,buy,77985.090069234,0.02564592793602508,2000.0,1.2,-1.79986,9880.921543,ALLOW_CAPPED,9cb4029d2e434a8615447c79d30fbe5f63dfa8c62fcab44d09ff2f9f2c84e3c5
808,1778929200000,rl-qlearn,BTCUSDT,sell,78046.5805614,0.0256257223008839,2000.0,1.2,-1.80014,9881.898543,ALLOW_CAPPED,9367fa98a04504c791b87d8d2674c971e846995b18ad6e0f9f460d16bd69e020
809,1779019200000,rl-qlearn,BTCUSDT,buy,78353.600596602,0.025525310703931263,2000.0,1.2,-1.79986,9880.102778,ALLOW_CAPPED,42447f0efa8cedffbc49811ff1680c9b91f8bf9251a98b2eb3a716af017fc0b4
810,1779022800000,rl-qlearn,BTCUSDT,sell,78147.36327264264,0.025550274830436766,1996.68660889,1.198011965334,-1.796827,9874.237013,ALLOW,28e184e764d8869c36b2b0ea3dc673d1131357b7fd33bdac8d2e205c6a810919
811,1779026400000,rl-qlearn,BTCUSDT,sell,77992.796700324,0.02564339380833732,2000.0,1.2,-1.80014,9872.438057,ALLOW_CAPPED,6f55995b166926f0e90c62d6b95103c7acf54c61dca40c074e542c8ec6083816
812,1779030000000,rl-qlearn,BTCUSDT,buy,78036.605520264,0.0256289979127892,2000.0,1.2,-1.79986,9870.715151,ALLOW_CAPPED,279539db32c0fce2dd36eebc2576088af25bb7e3eb73911e55a3a37badc662f8
813,1779066000000,rl-qlearn,BTCUSDT,buy,77117.229771882,0.025934541553374463,2000.0,1.2,-1.79986,9868.93582,ALLOW_CAPPED,159fad18e17da17fc1cea962d210ee71ff0bbea4241fcb9d8af3fe28b748dee4
814,1779069600000,rl-qlearn,BTCUSDT,sell,76789.59460199164,0.025920248441425892,1990.4053698,1.19424322188,-1.790549,9859.850907,ALLOW,416cf38c6fcacfd785fde91a3ae44903ec76977e0069bbf578032671659eedff
815,1779073200000,rl-qlearn,BTCUSDT,buy,76932.27429818398,0.025996891658865345,2000.0,1.2,-1.79986,9858.050297,ALLOW_CAPPED,20bfccf634fbf8d28e78f1785ea18f308f146f89dceb546d854b61521731d207
816,1779076800000,rl-qlearn,BTCUSDT,sell,76992.89674032001,0.02597642230224896,2000.0,1.2,-1.80014,9859.025796,ALLOW_CAPPED,5d88179cd1cfed9c54bf0b43c930cc4198d9d28f25580296befb346d67be5733
817,1779080400000,rl-qlearn,BTCUSDT,buy,76916.16946786201,0.026002334929532116,2000.0,1.2,-1.79986,9857.224374,ALLOW_CAPPED,7eaea05116bc1158666a98088aa4caebe656ceaa8a69df0b44762c057dee3c8d
818,1779084000000,rl-qlearn,BTCUSDT,sell,76873.63252793401,0.026016722954691242,2000.0,1.2,-1.80014,9855.517888,ALLOW_CAPPED,0d17a2ab0930101bae046972fa3960c06937c546acd697286b9458e9cd06fec5
819,1779094800000,rl-qlearn,BTCUSDT,buy,76933.474658208,0.025996486040509557,2000.0,1.2,-1.79986,9853.718018,ALLOW_CAPPED,5202aeeeccb4ad31e78b42d34d8feb0e8807df5fc881f9062c544644050e3017
820,1779098400000,rl-qlearn,BTCUSDT,sell,76724.8961710674,0.026002598069364644,1995.04663705,1.19702798223,-1.795187,9847.698675,ALLOW,41f40315cd8d48c62b94f2087c58cb631076ba4e625d3b59a8280273afc65446
821,1779112800000,rl-qlearn,BTCUSDT,buy,76396.11348746398,0.026179342229604188,2000.0,1.2,-1.79986,9845.901736,ALLOW_CAPPED,e0163e5b7ce248a84ddc008c16b983607ab707375f10701b77fa8e6897d4ee6c
822,1779116400000,rl-qlearn,BTCUSDT,sell,76375.68397363751,0.026179401012109485,1999.46965832,1.199681794992,-1.79961,9844.766883,ALLOW,ff0a56aafabf777cfd6d61983c9e9da93fb7434c86f19d81b6cb1eedbb17019c
823,1779152400000,rl-qlearn,BTCUSDT,sell,76605.812892576,0.02610767935854413,2000.0,1.2,-1.80014,9842.96502,ALLOW_CAPPED,cbdfa3cfe4f041530dadf15f16ca85d88cb3051247f6b64cfd8def0953c7963f
824,1779156000000,rl-qlearn,BTCUSDT,buy,76602.9752537307,0.026107699223896656,1999.92743758,1.1999564625480001,-1.799787,9842.439671,ALLOW,7ad01ab25a8a69ed2fc9a085a6d4687402ff8531de2093fd6e94dadf61fc7355
825,1779202800000,rl-qlearn,BTCUSDT,buy,76528.653240114,0.026134002302704323,2000.0,1.2,-1.79986,9840.640421,ALLOW_CAPPED,59ba72986f946f9648cb4ba4f9780d374b1fe5ae6366537757b4e525cfcbdf91
826,1779206400000,rl-qlearn,BTCUSDT,sell,76847.740297416,0.02602548874253951,2000.0,1.2,-1.80014,9848.178111,ALLOW_CAPPED,02c0e1d5b65be6b26cd1f81dd8a87301cffb6adf060314230894b0f0c5be0963
827,1779210000000,rl-qlearn,BTCUSDT,sell,76802.15397650399,0.02604093630774806,2000.0,1.2,-1.80014,9846.37338,ALLOW_CAPPED,51bc669bdc605e9085fa377079c27a6d76a3f7c8575fd4eb7107f3461a56eeb4
828,1779213600000,rl-qlearn,BTCUSDT,buy,76798.80196451822,0.025932486133965094,1991.58386705,1.19495032023,-1.791448,9845.86338,ALLOW,ea1b26d486bae15520d85a3b67ff59ed23c6937c0bdef306ff660b432db98e2a
829,1779228000000,rl-qlearn,BTCUSDT,buy,76710.40775374799,0.0260720814627958,2000.0,1.2,-1.79986,9844.064207,ALLOW_CAPPED,6ad225a8defcc723d70eb4097971e6bc5a28dd8d48f578344d218d6bb0affbee
830,1779231600000,rl-qlearn,BTCUSDT,sell,76780.760396076,0.026048192147133425,2000.0,1.2,-1.80014,9845.297953,ALLOW_CAPPED,0648fa786f7d04e28a861f21cca2afbf3c7d41e5ebff3d84ea37191f0c6175d8
831,1779274800000,rl-qlearn,BTCUSDT,buy,77368.105016898,0.025850445730358513,2000.0,1.2,-1.79986,9843.506633,ALLOW_CAPPED,bfbf6abc70324afdd225ffa6d052549fc147d74f7f1e91d9115a7d4b6f4246bd
832,1779278400000,rl-qlearn,BTCUSDT,buy,77608.47711170399,0.025770380690776157,2000.0,1.2,-1.79986,9847.922509,ALLOW_CAPPED,531f8d287257a18bed7fdf9f83b800f1cb2e5f9fcc37fad73d4443b50989c8e6
833,1779282000000,rl-qlearn,BTCUSDT,sell,77156.84754360002,0.025921224929126793,2000.0,1.2,-1.80014,9825.199078,ALLOW_CAPPED,b04765dcc121bb4b0f5b1789935a171ec6cea4e6a7df3d6d4a73c78956132ceb
834,1779285600000,rl-qlearn,BTCUSDT,sell,77396.81072779997,0.025723426281632166,1990.91115519,1.1945466931139999,-1.791054,9829.579797,ALLOW,97c3a5a0f8d24548ffe05e14a3fdc5cf5ff9a0ea76135d78478cd6b19d84f9e8
835,1779310800000,rl-qlearn,BTCUSDT,buy,77498.344079502,0.02580700302381031,2000.0,1.2,-1.79986,9827.779562,ALLOW_CAPPED,d765ba377b2668fa2b275c19c336a17146b0530ea0778d003a64442d3762a6dd
836,1779314400000,rl-qlearn,BTCUSDT,sell,77455.76209568183,0.02580703838018836,1998.90382517,1.1993422951019999,-1.799044,9826.081135,ALLOW,89547b37bae26946570ff13b0160ef421974e24b1d6e00b72f54304eaf372b9d
837,1779318000000,rl-qlearn,BTCUSDT,buy,77542.657370388,0.025792255099626755,2000.0,1.2,-1.79986,9824.280962,ALLOW_CAPPED,2c3873537864d69e1c9aa6e0b0e939027d04c6cac4751e4497f606c0c08e9b8e
838,1779321600000,rl-qlearn,BTCUSDT,sell,77900.52438847799,0.025673768125440415,2000.0,1.2,-1.80014,9832.709736,ALLOW_CAPPED,b29da2bb37968a8e6904855cd50a094326c7207c50a879dfdfdc168ddbf8646f
839,1779343200000,rl-qlearn,BTCUSDT,sell,77564.625181758,0.02578495023102837,2000.0,1.2,-1.80014,9830.872385,ALLOW_CAPPED,be4f0503295f5dc5f4fd0a8f10ef77ee454231e5722c3638af7f06c1fa06675e
840,1779346800000,rl-qlearn,BTCUSDT,buy,77876.8530389381,0.025666504479329628,1998.82659736,1.1992959584160001,-1.798687,9822.254629,ALLOW,5903bf847c38cc549e10251bfb97f85415a09cbec8d0d813a59fba4b08c5b276
841,1779350400000,rl-qlearn,BTCUSDT,buy,77913.3685578,0.025669535755167623,2000.0,1.2,-1.79986,9820.454483,ALLOW_CAPPED,c9cc976516bea55c5ca447207ff4c6477fad3306a99286a79c0ebb24039d46a1
842,1779354000000,rl-qlearn,BTCUSDT,sell,77580.2536806432,0.02566952616625537,1991.44835184,1.194869011104,-1.791591,9811.310776,ALLOW,6d68757fe012f69ab2f3e9a1ec5bc96e55a514511c976bd6307cc18376fbcdff
843,1779357600000,rl-qlearn,BTCUSDT,buy,77203.65569361,0.025905509033629044,2000.0,1.2,-1.79986,9809.514168,ALLOW_CAPPED,f1ce0900ee6cd907c5cec320cc41de75d5dbf09f75884532329c7db12007b2b6
844,1779361200000,rl-qlearn,BTCUSDT,sell,77136.76023461216,0.025905588585808298,1998.27317548,1.1989639052880001,-1.798413,9807.18226,ALLOW,308703d24a83be77622b38f74a71f4e9ebd931397a996c395f0a10eff8f27aca
845,1779364800000,rl-qlearn,BTCUSDT,buy,77276.077415058,0.025881230866025822,2000.0,1.2,-1.79986,9805.381678,ALLOW_CAPPED,e5ce68a421b99026854b395af4babc008f7750ee1f3663a2ef910ec234d08c38
846,1779368400000,rl-qlearn,BTCUSDT,sell,77070.69389328438,0.025881218913014207,1994.68350043,1.196810100258,-1.794824,9799.470385,ALLOW,ab9bdb7454e42220e44630fe22fe2f032dbc0ba5412774b7c359815100bdb9ee
847,1779386400000,rl-qlearn,BTCUSDT,buy,77380.30867714199,0.025846368852632872,2000.0,1.2,-1.79986,9797.668543,ALLOW_CAPPED,88846a25c6d8a05320024e0a71872bb88aff92696d45817a8aa19e107a5deddb
848,1779390000000,rl-qlearn,BTCUSDT,sell,77632.90469312399,0.025762271911708358,2000.0,1.2,-1.80014,9803.596732,ALLOW_CAPPED,f0b3696d15b32468945bb7d9f954515551a47b14c98c8a932619fe638d9220cb
849,1779494400000,rl-qlearn,BTCUSDT,sell,75316.099896774,0.026554747294949423,2000.0,1.2,-1.80014,9801.618565,ALLOW_CAPPED,a08d41f653dcdb014de38ea620c71fc6d5d7a7ab2eee6b5481d2a0192c1f005a
850,1779498000000,rl-qlearn,BTCUSDT,buy,75482.53215119106,0.026470468223666662,1998.05796875,1.19883478125,-1.797918,9796.611463,ALLOW,993a6c8573466245905582b1655e9e60b2860e2459586ac87fa38453ccb43258
851,1779534000000,rl-qlearn,BTCUSDT,sell,74730.875505066,0.026762699974850694,2000.0,1.2,-1.80014,9794.816968,ALLOW_CAPPED,949843ebd1ab89e1ef0bd5904739154b718673e4e6b765baa3be0070791d4d77
852,1779537600000,rl-qlearn,BTCUSDT,buy,74737.616054304,0.026760286259957897,2000.0,1.2,-1.79986,9794.037069,ALLOW_CAPPED,028c9006df8356d64f6735095a87847b031050f372d6b258587df3111441504a
853,1779588000000,rl-qlearn,BTCUSDT,buy,76798.834275516,0.026042061951422276,2000.0,1.2,-1.79986,9792.215746,ALLOW_CAPPED,5471f5f7635ec471ae4556f46838ab6a7838cce51dbee44a5844d37e84f33953
854,1779591600000,rl-qlearn,BTCUSDT,sell,76673.50584734048,0.026039515968203933,1996.54097985,1.19792458791,-1.796681,9788.35475,ALLOW,f5fd744c84c3e37cf6c9fe4cf913494aa889fe2da9f840ea82565c3d057e5b2b
855,1779602400000,rl-qlearn,BTCUSDT,buy,76964.58398883,0.02598597817783649,2000.0,1.2,-1.79986,9786.552978,ALLOW_CAPPED,ed9d5e9303e0330f830bde47cc30d1d3c4e2e42c59dccdca4616367a7a7e1034
856,1779606000000,rl-qlearn,BTCUSDT,sell,76738.19575762127,0.02598595897000815,1994.11560639,1.196469363834,-1.794257,9780.074857,ALLOW,256c61995b86ced71aba00e22e28be9d9c053b58c69afa1dcac6957cb6a27d69
857,1779976800000,rl-qlearn,BTCUSDT,buy,73019.800829958,0.027389830939931234,2000.0,1.2,-1.79986,9778.304416,ALLOW_CAPPED,ba5416fe40d3980bc4e255249c684b66d44ec98839d630ccf4d37ebc75bbeacc
858,1779980400000,rl-qlearn,BTCUSDT,sell,72880.4445673028,0.027390254660927038,1996.2139365,1.1977283618999999,-1.796354,9773.890338,ALLOW,c01b86efa2305c6cc089b43b3b9dce5749ac5fff997851e88c20e73565129fce
859,1779984000000,rl-qlearn,BTCUSDT,buy,73439.626748352,0.027233253878770295,2000.0,1.2,-1.79986,9772.086302,ALLOW_CAPPED,ed7a57d179d0beb3253e07f23138a659faf5758a1de4dd5015e711fad2d3e2d1
860,1779987600000,rl-qlearn,BTCUSDT,sell,73490.147810244,0.027214532282124684,2000.0,1.2,-1.80014,9772.861651,ALLOW_CAPPED,355c69381fd479a3db541139ee9215e2950ac5ed4e4f45e93ee3862722b03564
861,1780088400000,rl-qlearn,BTCUSDT,sell,73363.08593770201,0.027261666742022645,2000.0,1.2,-1.80014,9771.060109,ALLOW_CAPPED,f83cbe0dd1ebd5f454195b88d19a7ea34fb051440c761565ad9cebfd8f7a26ff
862,1780092000000,rl-qlearn,BTCUSDT,buy,73477.13799910201,0.027219350868353673,2000.0,1.2,-1.79986,9767.352668,ALLOW_CAPPED,eccea8edcf39b8ee7997fbbeda84044a1db3a61edb3742835bbdf8c3a8a1084c
863,1780156800000,rl-qlearn,BTCUSDT,buy,73918.770457932,0.02705672710205891,2000.0,1.2,-1.79986,9765.539022,ALLOW_CAPPED,7a12192930a7713e8beca4da0c1c444def9b46666161c3eb149e31fd177f3e0a
864,1780160400000,rl-qlearn,BTCUSDT,sell,73952.81205445694,0.02703302972546688,1999.16856655,1.19950113993,-1.799309,9765.858467,ALLOW,9e64e7091cb2ff732505fab34bba5b1375731c58c626ef52dfb9965b30d81cac
865,1780304400000,rl-qlearn,BTCUSDT,buy,72890.36200737,0.02743846984595547,2000.0,1.2,-1.79986,9764.067696,ALLOW_CAPPED,e0a238b280dbcd5286ed42f6f9f780e5d49201f7d5ec79b71b2ab720a843c022
866,1780308000000,rl-qlearn,BTCUSDT,sell,72709.99987914345,0.027438585851136472,1995.05957392,1.197035744352,-1.7952,9758.522765,ALLOW,ded40960ccedbad7a8be2e136064eb479279441b54e133ece82b3b453e0c8f31
867,1780318800000,rl-qlearn,BTCUSDT,buy,71733.815124246,0.027880853632779957,2000.0,1.2,-1.79986,9756.731289,ALLOW_CAPPED,7510ea5f0ead7796a7129350b0f09dac7767753809be280930664785cd6794b4
868,1780322400000,rl-qlearn,BTCUSDT,sell,71548.54887999698,0.027880985934401026,1994.84408495,1.19690645097,-1.794985,9750.970029,ALLOW,03685c86f17f96c26e1b6b976b0c0b0fcf628aadca34ef46fbc7d4e3ecc4e167
869,1780362000000,rl-qlearn,BTCUSDT,buy,70649.589932568,0.02830872765020879,2000.0,1.2,-1.79986,9749.178157,ALLOW_CAPPED,d4153b26bca144a9c747b07eeaae095f528c00b90b43b64945d746200832d372
870,1780365600000,rl-qlearn,BTCUSDT,sell,70818.649446798,0.02824114856218044,2000.0,1.2,-1.80014,9753.363546,ALLOW_CAPPED,8939a8bb2c534f5c5c95b83df3f9569603be509f34ae45009fb2bc2e70b14e27
871,1780383600000,rl-qlearn,BTCUSDT,sell,70074.872631918,0.028540900966105096,2000.0,1.2,-1.80014,9751.519344,ALLOW_CAPPED,88bbf5574332bb3bc1b4836eb1e5fcdac8420e09977ec928ba018288a5551479
872,1780387200000,rl-qlearn,BTCUSDT,buy,69826.20169949775,0.028473152754695818,1988.17210727,1.192903264362,-1.788041,9758.206897,ALLOW,881888fb9359aa03604c558127d79e1ddd67817dc419377d5b67a19178112efe
873,1780452000000,rl-qlearn,BTCUSDT,buy,66603.776471676,0.030028327310396917,2000.0,1.2,-1.79986,9756.434602,ALLOW_CAPPED,5d5f6bdb78b5bfd33496bd40cade8c41850be93874231f585fbfdac2ce62291b
874,1780455600000,rl-qlearn,BTCUSDT,sell,65803.75426647,0.030393402660600033,2000.0,1.2,-1.80014,9731.810406,ALLOW_CAPPED,7161e50dc08a808a20a808013930a1f4cbf51ba50671d2bdd3cf8cf45f6884ec
875,1780621200000,rl-qlearn,BTCUSDT,buy,63362.70437687399,0.031564309315212195,2000.0,1.2,-1.79986,9730.941684,ALLOW_CAPPED,958f5ecc9a86a19b2f7bcd012246defbde1b6ee279856273baf5ebbde23386a1
876,1780624800000,rl-qlearn,BTCUSDT,sell,62571.224251800006,0.03196357469292229,2000.0,1.2,-1.80014,9705.633107,ALLOW_CAPPED,9d2f303c79646ccbdb72c7be9821945db5764d5004c4f849526b10d14f59c6d9
877,1780678800000,rl-qlearn,BTCUSDT,buy,60802.73656569,0.03289325633952745,2000.0,1.2,-1.79986,9705.231913,ALLOW_CAPPED,b279df7124b2326dd32d9bcc879de35fb464e7343d8f647564aa4f98c99c5480
878,1780682400000,rl-qlearn,BTCUSDT,sell,59349.86728297576,0.03212987871477493,1906.90403754,1.144142422524,-1.707466,9658.006642,ALLOW,c54434f5dbe4d540778bcaf5cc3e6a8799eaabf80ea982d35a0af6caaa0c1d67
879,1780772400000,rl-qlearn,BTCUSDT,sell,60545.032251264005,0.0330332634343959,2000.0,1.2,-1.80014,9656.195121,ALLOW_CAPPED,a90da560b3afda67cd401f94dfd7ee2e36a8169a3ef51b85fcd15cd95d582d1e
880,1780776000000,rl-qlearn,BTCUSDT,buy,60703.006653696,0.032947297181007536,2000.0,1.2,-1.79986,9650.377263,ALLOW_CAPPED,24dccf107226bfe1e18a30fc619469b9a3790c20fff237cd1c1f4ae11b588895
881,1780927200000,rl-qlearn,BTCUSDT,buy,63955.88228873399,0.031271556711090914,2000.0,1.2,-1.79986,9648.267174,ALLOW_CAPPED,2debdbb11a3ed9bf524bad690c4a5c7fd2e764ff8c35b199759cbd24edc6404f
882,1780930800000,rl-qlearn,BTCUSDT,sell,63730.916189721465,0.03118543716166661,1987.47648209,1.192485889254,-1.787623,9640.658973,ALLOW,b1fc5b9ebca682d34a9da83d658a68f05904dda7f4441aa6f48717de81e64bfc
883,1781002800000,rl-qlearn,BTCUSDT,sell,62665.296023682,0.03191559167364621,2000.0,1.2,-1.80014,9638.868796,ALLOW_CAPPED,ae3c2c3b15111827087d89a11ae826229dede695f64def15b5bf6c6d93446c6d
884,1781006400000,rl-qlearn,BTCUSDT,buy,62632.68211654848,0.03191535359607168,1998.94419642,1.199366517852,-1.798804,9639.311121,ALLOW,520f82638c67a181f821d40b4d1510269c3837eeb58545487c50c79d9dc68002
885,1781092800000,rl-qlearn,BTCUSDT,buy,61551.46113066,0.032493136040336185,2000.0,1.2,-1.79986,9637.52161,ALLOW_CAPPED,4f113ce1402d14386e7609680351aae8f733a7d9e6b846b482059a400396aaef
886,1781096400000,rl-qlearn,BTCUSDT,sell,62097.266472318006,0.03220753687912444,2000.0,1.2,-1.80014,9654.656138,ALLOW_CAPPED,f0ddda9516b716d6772688084f5850bd37b1d8246f3038d90b7980d5f410c8de
887,1781100000000,rl-qlearn,BTCUSDT,sell,62151.250273398,0.03217956181415776,2000.0,1.2,-1.80014,9652.870904,ALLOW_CAPPED,965c1610c0d54a112e975b605d1074507396252225a213b0baf97636d631cb7f
888,1781103600000,rl-qlearn,BTCUSDT,buy,62616.47144678226,0.03189397202710991,1997.08798876,1.1982527932559999,-1.796949,9637.425622,ALLOW,f73f7b326dda0961dc833df6a1631187d3b1f06788a8c70e89363791c1b5b68c
889,1781136000000,rl-qlearn,BTCUSDT,buy,61815.04018593,0.032354585453383385,2000.0,1.2,-1.79986,9635.633436,ALLOW_CAPPED,de631ab1ac404b37fa86f4465907c8be53336288af8baa88766ac0874c685ee0
890,1781139600000,rl-qlearn,BTCUSDT,sell,62158.34814354,0.03217588722566232,2000.0,1.2,-1.80014,9646.140577,ALLOW_CAPPED,28f0ccdc0150045a2b0011ea873a4fe5d39ffe4a761d2258f63da5b117b3dfeb
891,1781164800000,rl-qlearn,BTCUSDT,sell,62898.526038348005,0.031797247502757676,2000.0,1.2,-1.80014,9644.466387,ALLOW_CAPPED,fa993d36a86979498bbd73bd566374b2a677cee8fda67357e79f7141e0411c2b
892,1781168400000,rl-qlearn,BTCUSDT,buy,62910.33455275078,0.03161864440606483,1989.13949769,1.193483698614,-1.789007,9643.496549,ALLOW,3fa58e809a72e6ee725abe60610cbd6739c8101e6520e27243db95c8031e2d86
893,1781172000000,rl-qlearn,BTCUSDT,buy,63123.732702096,0.031683804401091614,2000.0,1.2,-1.79986,9641.694669,ALLOW_CAPPED,95e58c79a38d8b60c7d47ac49791a5470702bca69978ff901bff9836ea81dd3c
894,1781175600000,rl-qlearn,BTCUSDT,sell,63050.68767257888,0.03168383620118399,1997.68766059,1.198612596354,-1.797828,9638.781905,ALLOW,6f39473ee64eae2857de816196b74d74aa862641ddebe92623198df4122ccd73
895,1781233200000,rl-qlearn,BTCUSDT,buy,63509.548419809995,0.03149132767847168,2000.0,1.2,-1.79986,9636.978001,ALLOW_CAPPED,664cb99033dd36962a4d1fccb85e61fff73436ef5ad78222b17d48140a33ca5b
896,1781236800000,rl-qlearn,BTCUSDT,sell,63647.801203338,0.0314229236860913,2000.0,1.2,-1.80014,9640.731255,ALLOW_CAPPED,a6b9c0a36db332b7e3c03cc1b2d53397f4bac33e12ef9127ee379cce543baa11
897,1781244000000,rl-qlearn,BTCUSDT,buy,62974.087819103996,0.031759094403162984,2000.0,1.2,-1.79986,9638.889474,ALLOW_CAPPED,fa0abfb7ce719a0ca5ae6343b6b9c3605b368f8d70fbc6c28d81ab6854143502
898,1781247600000,rl-qlearn,BTCUSDT,sell,63051.280201404,0.03172021239872406,2000.0,1.2,-1.80014,9640.748403,ALLOW_CAPPED,fc1568c52073730ea6c2f563154658efd704bd1f72ce88145ac5f1c7204ff98e
899,1781269200000,rl-qlearn,BTCUSDT,buy,63222.762404076,0.031634176109189734,2000.0,1.2,-1.79986,9638.961595,ALLOW_CAPPED,8715461b48b848e324f3e66bc9bfcaae96fa24caa1e7ec41bf3f1a85ca464559
900,1781272800000,rl-qlearn,BTCUSDT,sell,63948.111089346006,0.03127535694065571,2000.0,1.2,-1.80014,9661.388807,ALLOW_CAPPED,23424937af95382f8ca2e8477e3b2c41cdeadb6fe1103bc48385f54897c9751c
901,1781276400000,rl-qlearn,BTCUSDT,buy,63580.86981123601,0.031456002504177134,2000.0,1.2,-1.79986,9659.403794,ALLOW_CAPPED,781e86c7216e7fa7eedb3c5dffc7f9090ed457d72292764959a5502b101ebe3f
902,1781280000000,rl-qlearn,BTCUSDT,buy,63964.68492891,0.03126725320734072,2000.0,1.2,-1.79986,9669.893696,ALLOW_CAPPED,3c2436354bb6144013e498a76ad5882bd41c6b93b743bbedafd98d86d14cb5aa
903,1781283600000,rl-qlearn,BTCUSDT,buy,63845.11536662892,0.012507363473375195,798.53406389,0.47912043833400003,-0.670675,9661.913111,ALLOW,7551bec5627b2f3cdec12d23687a3595dc4283d58a47bde6aa181e235f697c0c
904,1781294400000,rl-qlearn,BTCUSDT,sell,63400.975268400005,0.03154525607111331,2000.0,1.2,-1.80014,9629.096347,ALLOW_CAPPED,000d9f4a99aec4701010f1771a3c1e6c6ad2b52675cf27da64f2cd21cad2a0f7
905,1781298000000,rl-qlearn,BTCUSDT,sell,63428.367048948,0.031531633132799865,2000.0,1.2,-1.80014,9628.505697,ALLOW_CAPPED,5214b181a6f878aec76276f601c1affa404c27f6548c4c1e21e54da54a99790a
906,1781301600000,rl-qlearn,BTCUSDT,sell,63463.26450916494,0.012613361628196724,800.48510536,0.480291063216,-0.672462,9628.225416,ALLOW,c26eb02dc243f8803218c90e2d60a7ccf045e1d183b0204c63f1c8bb5b915960
907,1781305200000,rl-qlearn,BTCUSDT,buy,63571.66705105199,0.031460556137278516,2000.0,1.2,-1.79986,9626.425332,ALLOW_CAPPED,3100b38ab66cf4068a465e9d6c50de41d18f981a3743c286736cd236962744fc
908,1781308800000,rl-qlearn,BTCUSDT,sell,63559.82760157801,0.031466416374457656,2000.0,1.2,-1.80014,9625.296522,ALLOW_CAPPED,e721d5cbfdc33bf89034e3abdac0b9c357333bf57793e4ac3befc2c00b108621
909,1781370000000,rl-qlearn,BTCUSDT,sell,63924.718108878,0.03128680202536921,2000.0,1.2,-1.80014,9623.493119,ALLOW_CAPPED,4035107a541e60c44fb22fbb6d28380f7ce9c83f89ecd2a382fbfbd2894e3f5f
910,1781373600000,rl-qlearn,BTCUSDT,buy,64144.138752498,0.03117977790172002,2000.0,1.2,-1.79986,9616.028739,ALLOW_CAPPED,1d1101168dbe3d1a18f31d884a28b679a3b263ccb206b3630cc4b4d1df1f62eb
911,1781431200000,rl-qlearn,BTCUSDT,buy,64511.34888984,0.0310022970286238,2000.0,1.2,-1.79986,9614.185887,ALLOW_CAPPED,2c5b777a5cb4858c018435990ced802d79b89fa32d03cc830dd7321b7699509d
912,1781434800000,rl-qlearn,BTCUSDT,sell,64493.37146331933,0.03089564192055416,1992.56411098,1.195538466588,-1.792706,9613.032529,ALLOW,9b66b2132783e38df33453173439a62aab4f2c172984342006f1ee2ba031d585
913,1781535600000,rl-qlearn,BTCUSDT,buy,67265.67499490999,0.029732846658438207,2000.0,1.2,-1.79986,9611.207361,ALLOW_CAPPED,7ca5512d6a60b504e34cef7d2a82c49589324bc5c03a5f18e710e5eef3e41a27
914,1781539200000,rl-qlearn,BTCUSDT,sell,67098.0826808292,0.029732501783840026,1994.993863,1.1969963178,-1.795135,9605.877788,ALLOW,f716be4c19bfb39f41214c0c55dbfb1042470d47ffb293821a7eaea46d4c9d89
915,1781546400000,rl-qlearn,BTCUSDT,sell,66702.98443446,0.02998366590276226,2000.0,1.2,-1.80014,9604.08117,ALLOW_CAPPED,fadc39f75f070e8b8718bbee307e7ad1e980a4a0d023cfff5cb373cb27db18d2
916,1781550000000,rl-qlearn,BTCUSDT,buy,66601.16550970403,0.02998358652671083,1996.94180884,1.198165085304,-1.796803,9606.537315,ALLOW,e7dc1a7ddb2f067f8bb1e313bf52510a81ad78831eadba0b53fc4831b26d520f
917,1781607600000,rl-qlearn,BTCUSDT,buy,66475.83809911799,0.030086119365925472,2000.0,1.2,-1.79986,9604.738562,ALLOW_CAPPED,c3c3b7273f0de72dbdc74eb3b580ad774752bc7cca685bd4893c4336641caa02
918,1781611200000,rl-qlearn,BTCUSDT,sell,66375.09288264341,0.03008614896224413,1996.97093185,1.19818255911,-1.797111,9601.109753,ALLOW,8efa48f6981b0e2893bfc07274097c8c302c21184284d644232032f0a41ab2f4
919,1781762400000,rl-qlearn,BTCUSDT,sell,64040.683311198,0.031230147721585673,2000.0,1.2,-1.80014,9599.330743,ALLOW_CAPPED,fb709f2ecf071950740b9aef399a8b7254058fd41ed4eb3def84b7bdf24cbbdc
920,1781766000000,rl-qlearn,BTCUSDT,buy,64492.04309945399,0.031011577613005294,2000.0,1.2,-1.79986,9584.635354,ALLOW_CAPPED,f4394af9ed71ab4eb1b4fc9240972777950419e85e0d94a380760c1ad00f7cc3
921,1781791200000,rl-qlearn,BTCUSDT,buy,63799.235305602,0.03134833811753206,2000.0,1.2,-1.79986,9582.994134,ALLOW_CAPPED,c02e7c57179c3fb36bb512b3c23dbc3a84072004d59a2bf1188913f58e795074
922,1781794800000,rl-qlearn,BTCUSDT,sell,62322.1857622855,0.031129992455496518,1940.08917259,1.164053503554,-1.740402,9536.458529,ALLOW,ee34de1b00b484f39b5d66e5b18ffe1ef620488470f83f073714fd8ba8e03ff5
923,1781805600000,rl-qlearn,BTCUSDT,buy,62696.504563553994,0.031899704998269024,2000.0,1.2,-1.79986,9534.655579,ALLOW_CAPPED,3a9ce43daa0c17164938b4ccb3a1cb5a8acab11e003e395a7179d6f4a613b790
924,1781809200000,rl-qlearn,BTCUSDT,sell,62896.526638308,0.03179825829653799,2000.0,1.2,-1.80014,9540.435801,ALLOW_CAPPED,efef80df52d8301fb6cf930e248dd32775819605ce6935d1aad0f76e81defbb2
925,1781830800000,rl-qlearn,BTCUSDT,sell,62973.803449854,0.03175923781692174,2000.0,1.2,-1.80014,9538.642875,ALLOW_CAPPED,44b8ae19fa319be44b410437a93c55b99b291d976987d589168faf5b77462e70
926,1781834400000,rl-qlearn,BTCUSDT,buy,62988.67351734526,0.031657547743260406,1994.06693916,1.1964401634959998,-1.793929,9537.574121,ALLOW,64dd38e0c29fd2ff9145dd586b0f7d024d4da1146fa5600f8bb17f2468e85ad8
927,1781859600000,rl-qlearn,BTCUSDT,buy,62372.307327072,0.03206551249599071,2000.0,1.2,-1.79986,9535.780105,ALLOW_CAPPED,a133303a78bf1830d41c100891f6ec8c6afb63021fc34783c4ac92f9c1c63253
928,1781863200000,rl-qlearn,BTCUSDT,sell,62483.650530048,0.032008373118952334,2000.0,1.2,-1.80014,9538.749901,ALLOW_CAPPED,c0ac9586784fae3eaee8eee308ca461972e4c25a5cf2830f57b579edac4ce9d7
929,1781874000000,rl-qlearn,BTCUSDT,sell,63155.04906348,0.03166809351996084,2000.0,1.2,-1.80014,9536.981763,ALLOW_CAPPED,16ab0c4c5b5e374e48fb1dfd6b5b783a2f94276a30eef19595c61ea74c8b2b29
930,1781877600000,rl-qlearn,BTCUSDT,buy,63188.24397078529,0.031610962771706476,1997.44122777,1.198464736662,-1.797302,9535.333077,ALLOW,cfa21c79df22698039e2247d104e6d6ddb46ed1062808c6feb56bd7d2cf0c52b
